TIME,BID,BIDDEPTH,BIDDEPTHT,NUMBIDS,OFFER,OFFERDEPTH,OFFERDEPTHT,NUMOFFERS,OPEN,HIGH,LOW,LAST,CHANGE,QTY,VALUE,HIGHBID,LOWOFFER,NUMTRADES
10:20:36,234.740000,111.000000,201880.000000,1323.000000,234.780000,8.000000,202032.000000,1457.000000,234.680000,235.300000,233.570000,234.740000,-0.530000,255.890000,223.870000
10:21:36,234.790000,198.000000,203924.000000,1349.000000,234.810000,129.000000,203153.000000,1511.000000,234.680000,235.300000,233.570000,234.810000,-0.460000,255.890000,223.870000
10:22:36,234.700000,482.000000,203388.000000,1359.000000,234.760000,80.000000,207781.000000,1551.000000,234.680000,235.300000,233.570000,234.760000,-0.510000,255.890000,223.870000
10:23:36,234.700000,146.000000,208023.000000,1359.000000,234.750000,13.000000,207009.000000,1555.000000,234.680000,235.300000,233.570000,234.760000,-0.510000,255.890000,223.870000
10:24:36,234.620000,116.000000,209318.000000,1372.000000,234.690000,26.000000,213057.000000,1591.000000,234.680000,235.300000,233.570000,234.660000,-0.610000,255.890000,223.870000
10:25:36,234.730000,105.000000,212305.000000,1410.000000,234.740000,22.000000,222262.000000,1579.000000,234.680000,235.300000,233.570000,234.740000,-0.530000,255.890000,223.870000
10:26:36,234.450000,4.000000,203144.000000,1355.000000,234.500000,584.000000,230171.000000,1628.000000,234.680000,235.300000,233.570000,234.440000,-0.830000,255.890000,223.870000
10:27:36,234.380000,150.000000,214513.000000,1374.000000,234.440000,150.000000,230074.000000,1641.000000,234.680000,235.300000,233.570000,234.380000,-0.890000,255.890000,223.870000
10:28:36,234.320000,48.000000,242161.000000,1377.000000,234.330000,88.000000,230241.000000,1656.000000,234.680000,235.300000,233.570000,234.330000,-0.940000,255.890000,223.870000
10:29:36,234.220000,314.000000,240290.000000,1376.000000,234.290000,120.000000,223854.000000,1671.000000,234.680000,235.300000,233.570000,234.200000,-1.070000,255.890000,223.870000
10:30:36,234.380000,233.000000,242994.000000,1407.000000,234.420000,10.000000,218478.000000,1651.000000,234.680000,235.300000,233.570000,234.420000,-0.850000,255.890000,223.870000
10:31:36,234.400000,582.000000,244487.000000,1422.000000,234.480000,81.000000,220054.000000,1660.000000,234.680000,235.300000,233.570000,234.470000,-0.800000,255.890000,223.870000
10:32:36,234.570000,168.000000,245141.000000,1446.000000,234.580000,91.000000,218220.000000,1663.000000,234.680000,235.300000,233.570000,234.580000,-0.690000,255.890000,223.870000
10:33:36,234.450000,98.000000,244385.000000,1459.000000,234.470000,105.000000,263305.000000,1678.000000,234.680000,235.300000,233.570000,234.470000,-0.800000,255.890000,223.870000
10:34:37,234.420000,24.000000,247717.000000,1472.000000,234.440000,125.000000,264384.000000,1692.000000,234.680000,235.300000,233.570000,234.420000,-0.850000,255.890000,223.870000
10:35:37,234.020000,50.000000,238649.000000,1359.000000,234.100000,365.000000,234595.000000,1755.000000,234.680000,235.300000,233.570000,234.100000,-1.170000,255.890000,223.870000
10:36:37,233.870000,47.000000,237700.000000,1339.000000,233.910000,15.000000,258586.000000,1758.000000,234.680000,235.300000,233.570000,233.910000,-1.360000,255.890000,223.870000
10:37:37,233.960000,50.000000,243971.000000,1397.000000,234.000000,26028.000000,253424.000000,1758.000000,234.680000,235.300000,233.570000,234.000000,-1.270000,255.890000,223.870000
10:38:37,234.270000,11.000000,248420.000000,1441.000000,234.330000,10.000000,224903.000000,1740.000000,234.680000,235.300000,233.570000,234.320000,-0.950000,255.890000,223.870000
10:39:37,234.320000,2.000000,254356.000000,1464.000000,234.360000,5.000000,223596.000000,1734.000000,234.680000,235.300000,233.570000,234.360000,-0.910000,255.890000,223.870000
10:40:37,234.150000,306.000000,253039.000000,1457.000000,234.230000,62.000000,228599.000000,1768.000000,234.680000,235.300000,233.570000,234.220000,-1.050000,255.890000,223.870000
10:41:37,234.010000,19.000000,246452.000000,1445.000000,234.050000,60.000000,238899.000000,1815.000000,234.680000,235.300000,233.570000,234.050000,-1.220000,255.890000,223.870000
10:42:37,233.930000,66.000000,243709.000000,1437.000000,234.000000,367.000000,252117.000000,1835.000000,234.680000,235.300000,233.570000,234.000000,-1.270000,255.890000,223.870000
10:43:37,233.930000,408.000000,251048.000000,1453.000000,233.990000,170.000000,246473.000000,1830.000000,234.680000,235.300000,233.570000,233.990000,-1.280000,255.890000,223.870000
10:44:37,233.820000,297.000000,250733.000000,1419.000000,233.870000,36.000000,249843.000000,1847.000000,234.680000,235.300000,233.570000,233.820000,-1.450000,255.890000,223.870000
10:45:37,233.740000,57.000000,247454.000000,1393.000000,233.790000,250.000000,254349.000000,1865.000000,234.680000,235.300000,233.570000,233.800000,-1.470000,255.890000,223.870000
10:46:37,233.850000,171.000000,252218.000000,1444.000000,233.890000,100.000000,246706.000000,1869.000000,234.680000,235.300000,233.570000,233.810000,-1.460000,255.890000,223.870000
10:47:37,233.870000,41.000000,254467.000000,1489.000000,233.940000,210.000000,249767.000000,1860.000000,234.680000,235.300000,233.570000,233.950000,-1.320000,255.890000,223.870000
10:48:37,233.780000,62.000000,247022.000000,1497.000000,233.850000,144.000000,250324.000000,1881.000000,234.680000,235.300000,233.570000,233.790000,-1.480000,255.890000,223.870000
10:49:37,233.650000,244.000000,243200.000000,1468.000000,233.690000,234.000000,255861.000000,1926.000000,234.680000,235.300000,233.570000,233.690000,-1.580000,255.890000,223.870000
10:50:37,233.990000,78.000000,248487.000000,1529.000000,234.070000,75.000000,243959.000000,1861.000000,234.680000,235.300000,233.570000,234.070000,-1.200000,255.890000,223.870000
10:51:37,234.150000,20.000000,250800.000000,1531.000000,234.200000,66.000000,246005.000000,1832.000000,234.680000,235.300000,233.570000,234.150000,-1.120000,255.890000,223.870000
10:52:37,234.040000,3.000000,253127.000000,1536.000000,234.090000,35.000000,252137.000000,1877.000000,234.680000,235.300000,233.570000,234.040000,-1.230000,255.890000,223.870000
10:53:37,234.040000,149.000000,257353.000000,1561.000000,234.070000,114.000000,251774.000000,1864.000000,234.680000,235.300000,233.570000,234.070000,-1.200000,255.890000,223.870000
10:54:37,234.000000,563.000000,253073.000000,1577.000000,234.030000,34.000000,252834.000000,1881.000000,234.680000,235.300000,233.570000,234.000000,-1.270000,255.890000,223.870000
10:55:37,233.870000,8.000000,255844.000000,1563.000000,233.900000,50.000000,258270.000000,1919.000000,234.680000,235.300000,233.570000,233.910000,-1.360000,255.890000,223.870000
10:56:37,233.920000,47.000000,258166.000000,1595.000000,233.990000,304.000000,255783.000000,1894.000000,234.680000,235.300000,233.570000,233.990000,-1.280000,255.890000,223.870000
10:57:38,233.710000,128.000000,254798.000000,1550.000000,233.750000,89.000000,263643.000000,1944.000000,234.680000,235.300000,233.570000,233.750000,-1.520000,255.890000,223.870000
10:58:37,233.940000,147.000000,261591.000000,1608.000000,233.990000,23.000000,259376.000000,1919.000000,234.680000,235.300000,233.570000,233.990000,-1.280000,255.890000,223.870000
10:59:38,233.820000,55.000000,261497.000000,1627.000000,233.920000,80.000000,257984.000000,1925.000000,234.680000,235.300000,233.570000,233.820000,-1.450000,255.890000,223.870000
11:00:37,233.890000,196.000000,271631.000000,1640.000000,233.980000,250.000000,262740.000000,1937.000000,234.680000,235.300000,233.570000,233.970000,-1.300000,255.890000,223.870000
11:01:38,234.160000,63.000000,279013.000000,1682.000000,234.240000,456.000000,255194.000000,1913.000000,234.680000,235.300000,233.570000,234.210000,-1.060000,255.890000,223.870000
11:02:38,234.140000,24.000000,279311.000000,1716.000000,234.170000,218.000000,253612.000000,1909.000000,234.680000,235.300000,233.570000,234.170000,-1.100000,255.890000,223.870000
11:03:38,234.170000,79.000000,280323.000000,1735.000000,234.190000,192.000000,253048.000000,1909.000000,234.680000,235.300000,233.570000,234.190000,-1.080000,255.890000,223.870000
11:04:38,234.200000,50.000000,282891.000000,1760.000000,234.230000,2326.000000,252149.000000,1902.000000,234.680000,235.300000,233.570000,234.220000,-1.050000,255.890000,223.870000
11:05:38,234.130000,476.000000,281155.000000,1745.000000,234.160000,167.000000,261163.000000,1946.000000,234.680000,235.300000,233.570000,234.160000,-1.110000,255.890000,223.870000
11:06:38,234.100000,10.000000,281794.000000,1762.000000,234.120000,77.000000,260396.000000,1951.000000,234.680000,235.300000,233.570000,234.120000,-1.150000,255.890000,223.870000
11:07:37,233.900000,500.000000,277554.000000,1742.000000,233.910000,95.000000,265250.000000,1991.000000,234.680000,235.300000,233.570000,233.880000,-1.390000,255.890000,223.870000
11:08:38,233.850000,350.000000,274562.000000,1769.000000,233.900000,79.000000,267418.000000,2018.000000,234.680000,235.300000,233.570000,233.910000,-1.360000,255.890000,223.870000
11:09:38,233.930000,84.000000,276390.000000,1770.000000,233.990000,250.000000,264066.000000,1999.000000,234.680000,235.300000,233.570000,233.950000,-1.320000,255.890000,223.870000
11:10:38,233.780000,250.000000,285565.000000,1769.000000,233.840000,79.000000,268651.000000,2054.000000,234.680000,235.300000,233.570000,233.780000,-1.490000,255.890000,223.870000
11:11:38,233.450000,15.000000,252705.000000,1505.000000,233.500000,50.000000,266654.000000,2039.000000,234.680000,235.300000,233.320000,233.450000,-1.820000,255.890000,223.870000
11:12:38,233.400000,163.000000,253398.000000,1523.000000,233.410000,10.000000,278714.000000,2073.000000,234.680000,235.300000,233.320000,233.410000,-1.860000,255.890000,223.870000
11:13:38,233.320000,185.000000,252289.000000,1509.000000,233.390000,21.000000,280429.000000,2098.000000,234.680000,235.300000,233.240000,233.380000,-1.890000,255.890000,223.870000
11:14:38,233.400000,1192.000000,253248.000000,1538.000000,233.430000,137.000000,282368.000000,2100.000000,234.680000,235.300000,233.240000,233.430000,-1.840000,255.890000,223.870000
11:15:39,233.060000,133.000000,241109.000000,1442.000000,233.120000,214.000000,286294.000000,2105.000000,234.680000,235.300000,233.050000,233.120000,-2.150000,255.890000,223.870000
11:16:39,232.840000,250.000000,229507.000000,1381.000000,232.930000,212.000000,283915.000000,2115.000000,234.680000,235.300000,232.840000,232.930000,-2.340000,255.890000,223.870000
11:17:38,233.080000,28.000000,199842.000000,1323.000000,233.130000,338.000000,277345.000000,2112.000000,234.680000,235.300000,232.820000,233.110000,-2.160000,255.890000,223.870000
11:18:39,233.200000,858.000000,204890.000000,1382.000000,233.270000,125.000000,276049.000000,2108.000000,234.680000,235.300000,232.820000,233.200000,-2.070000,255.890000,223.870000
11:19:39,233.380000,100.000000,236991.000000,1423.000000,233.400000,8.000000,284526.000000,2104.000000,234.680000,235.300000,232.820000,233.380000,-1.890000,255.890000,223.870000
11:20:39,233.330000,246.000000,238938.000000,1437.000000,233.360000,3.000000,290306.000000,2148.000000,234.680000,235.300000,232.820000,233.330000,-1.940000,255.890000,223.870000
11:21:39,233.520000,75.000000,244072.000000,1490.000000,233.600000,680.000000,282662.000000,2094.000000,234.680000,235.300000,232.820000,233.600000,-1.670000,255.890000,223.870000
11:22:39,233.550000,57.000000,240742.000000,1481.000000,233.590000,10.000000,281558.000000,2112.000000,234.680000,235.300000,232.820000,233.550000,-1.720000,255.890000,223.870000
11:23:39,233.490000,16.000000,244339.000000,1519.000000,233.570000,63.000000,282940.000000,2123.000000,234.680000,235.300000,232.820000,233.500000,-1.770000,255.890000,223.870000
11:24:39,233.460000,50.000000,245467.000000,1517.000000,233.510000,39.000000,285496.000000,2138.000000,234.680000,235.300000,232.820000,233.500000,-1.770000,255.890000,223.870000
11:25:39,233.600000,30.000000,249545.000000,1544.000000,233.670000,47.000000,286269.000000,2120.000000,234.680000,235.300000,232.820000,233.600000,-1.670000,255.890000,223.870000
11:26:39,233.450000,181.000000,245679.000000,1519.000000,233.460000,50.000000,298414.000000,2161.000000,234.680000,235.300000,232.820000,233.400000,-1.870000,255.890000,223.870000
11:27:39,233.320000,50.000000,247523.000000,1540.000000,233.400000,126.000000,301409.000000,2157.000000,234.680000,235.300000,232.820000,233.320000,-1.950000,255.890000,223.870000
11:28:39,233.280000,179.000000,246103.000000,1554.000000,233.350000,124.000000,298849.000000,2161.000000,234.680000,235.300000,232.820000,233.320000,-1.950000,255.890000,223.870000
11:29:39,233.430000,92.000000,249329.000000,1588.000000,233.480000,357.000000,298826.000000,2143.000000,234.680000,235.300000,232.820000,233.500000,-1.770000,255.890000,223.870000
11:30:39,233.590000,41.000000,251080.000000,1591.000000,233.660000,41.000000,296225.000000,2151.000000,234.680000,235.300000,232.820000,233.590000,-1.680000,255.890000,223.870000
11:31:39,233.440000,48.000000,252893.000000,1603.000000,233.510000,89.000000,300200.000000,2169.000000,234.680000,235.300000,232.820000,233.510000,-1.760000,255.890000,223.870000
11:32:40,233.430000,370.000000,253977.000000,1609.000000,233.530000,250.000000,298914.000000,2184.000000,234.680000,235.300000,232.820000,233.440000,-1.830000,255.890000,223.870000
11:33:40,233.380000,151.000000,253162.000000,1611.000000,233.440000,5.000000,296225.000000,2187.000000,234.680000,235.300000,232.820000,233.450000,-1.820000,255.890000,223.870000
11:34:40,233.680000,100.000000,256746.000000,1637.000000,233.760000,90.000000,287521.000000,2149.000000,234.680000,235.300000,232.820000,233.760000,-1.510000,255.890000,223.870000
11:35:40,233.710000,648.000000,255178.000000,1632.000000,233.730000,1.000000,288999.000000,2139.000000,234.680000,235.300000,232.820000,233.710000,-1.560000,255.890000,223.870000
11:36:40,233.610000,50.000000,255317.000000,1652.000000,233.670000,1.000000,293219.000000,2158.000000,234.680000,235.300000,232.820000,233.650000,-1.620000,255.890000,223.870000
11:37:40,233.750000,147.000000,257958.000000,1673.000000,233.800000,455.000000,288606.000000,2143.000000,234.680000,235.300000,232.820000,233.740000,-1.530000,255.890000,223.870000
11:38:40,233.800000,833.000000,256121.000000,1674.000000,233.860000,789.000000,289469.000000,2166.000000,234.680000,235.300000,232.820000,233.860000,-1.410000,255.890000,223.870000
11:39:40,233.700000,51.000000,256654.000000,1676.000000,233.740000,50.000000,300441.000000,2189.000000,234.680000,235.300000,232.820000,233.730000,-1.540000,255.890000,223.870000
11:40:40,233.660000,40.000000,255040.000000,1669.000000,233.680000,116.000000,307247.000000,2215.000000,234.680000,235.300000,232.820000,233.670000,-1.600000,255.890000,223.870000
11:41:40,233.650000,368.000000,260771.000000,1706.000000,233.770000,113.000000,304587.000000,2185.000000,234.680000,235.300000,232.820000,233.760000,-1.510000,255.890000,223.870000
11:42:40,233.680000,5.000000,262265.000000,1701.000000,233.720000,100.000000,306984.000000,2229.000000,234.680000,235.300000,232.820000,233.680000,-1.590000,255.890000,223.870000
11:43:40,233.680000,552.000000,268036.000000,1707.000000,233.700000,101.000000,309530.000000,2234.000000,234.680000,235.300000,232.820000,233.680000,-1.590000,255.890000,223.870000
11:44:40,233.750000,39.000000,270502.000000,1729.000000,233.780000,49.000000,304837.000000,2219.000000,234.680000,235.300000,232.820000,233.750000,-1.520000,255.890000,223.870000
11:45:40,233.550000,65.000000,268474.000000,1708.000000,233.640000,233.000000,309582.000000,2279.000000,234.680000,235.300000,232.820000,233.550000,-1.720000,255.890000,223.870000
11:46:40,233.550000,21.000000,268511.000000,1711.000000,233.620000,363.000000,309441.000000,2270.000000,234.680000,235.300000,232.820000,233.560000,-1.710000,255.890000,223.870000
11:47:40,233.550000,75.000000,268621.000000,1715.000000,233.590000,124.000000,311613.000000,2284.000000,234.680000,235.300000,232.820000,233.620000,-1.650000,255.890000,223.870000
11:48:40,233.650000,260.000000,278159.000000,1748.000000,233.690000,35.000000,307548.000000,2250.000000,234.680000,235.300000,232.820000,233.630000,-1.640000,255.890000,223.870000
11:49:40,233.920000,77.000000,280572.000000,1747.000000,233.980000,160.000000,303810.000000,2158.000000,234.680000,235.300000,232.820000,234.000000,-1.270000,255.890000,223.870000
11:50:40,233.970000,40.000000,281165.000000,1760.000000,234.030000,2.000000,302431.000000,2146.000000,234.680000,235.300000,232.820000,234.040000,-1.230000,255.890000,223.870000
11:51:40,234.040000,100.000000,275952.000000,1780.000000,234.060000,21.000000,303026.000000,2159.000000,234.680000,235.300000,232.820000,234.070000,-1.200000,255.890000,223.870000
11:52:40,234.000000,122.000000,275899.000000,1772.000000,234.010000,1304.000000,308963.000000,2183.000000,234.680000,235.300000,232.820000,234.010000,-1.260000,255.890000,223.870000
11:53:40,234.000000,254.000000,276219.000000,1787.000000,234.030000,101.000000,304240.000000,2176.000000,234.680000,235.300000,232.820000,234.030000,-1.240000,255.890000,223.870000
11:54:40,234.040000,47.000000,276480.000000,1805.000000,234.070000,240.000000,303102.000000,2170.000000,234.680000,235.300000,232.820000,234.070000,-1.200000,255.890000,223.870000
11:55:40,234.000000,106.000000,273569.000000,1783.000000,234.010000,238.000000,309732.000000,2210.000000,234.680000,235.300000,232.820000,234.000000,-1.270000,255.890000,223.870000
11:56:41,233.920000,141.000000,273128.000000,1791.000000,233.930000,1.000000,306377.000000,2206.000000,234.680000,235.300000,232.820000,234.030000,-1.240000,255.890000,223.870000
11:57:41,233.940000,140.000000,277028.000000,1806.000000,233.960000,483.000000,307980.000000,2211.000000,234.680000,235.300000,232.820000,233.940000,-1.330000,255.890000,223.870000
11:58:41,234.030000,350.000000,278430.000000,1822.000000,234.050000,97.000000,300570.000000,2197.000000,234.680000,235.300000,232.820000,234.030000,-1.240000,255.890000,223.870000
11:59:41,234.050000,194.000000,288810.000000,1848.000000,234.060000,239.000000,304145.000000,2196.000000,234.680000,235.300000,232.820000,234.050000,-1.220000,255.890000,223.870000
12:00:42,234.110000,177.000000,289933.000000,1872.000000,234.120000,1348.000000,297321.000000,2172.000000,234.680000,235.300000,232.820000,234.120000,-1.150000,255.890000,223.870000
12:01:41,234.160000,180.000000,290946.000000,1894.000000,234.190000,254.000000,293582.000000,2153.000000,234.680000,235.300000,232.820000,234.190000,-1.080000,255.890000,223.870000
12:02:42,234.210000,300.000000,288940.000000,1869.000000,234.290000,110.000000,290227.000000,2123.000000,234.680000,235.300000,232.820000,234.230000,-1.040000,255.890000,223.870000
12:03:41,234.570000,250.000000,290872.000000,1898.000000,234.600000,227.000000,281425.000000,2048.000000,234.680000,235.300000,232.820000,234.600000,-0.670000,255.890000,223.870000
12:04:41,234.670000,100.000000,288546.000000,1925.000000,234.700000,633.000000,276825.000000,1984.000000,234.680000,235.300000,232.820000,234.700000,-0.570000,255.890000,223.870000
12:05:41,234.730000,120.000000,289127.000000,1933.000000,234.790000,41.000000,283860.000000,1988.000000,234.680000,235.300000,232.820000,234.730000,-0.540000,255.890000,223.870000
12:06:41,234.520000,55.000000,293411.000000,1904.000000,234.540000,29.000000,289426.000000,2036.000000,234.680000,235.300000,232.820000,234.540000,-0.730000,255.890000,223.870000
12:07:41,234.580000,10.000000,298236.000000,1935.000000,234.610000,115.000000,290189.000000,2047.000000,234.680000,235.300000,232.820000,234.610000,-0.660000,255.890000,223.870000
12:08:41,234.510000,656.000000,294464.000000,1930.000000,234.610000,325.000000,293498.000000,2045.000000,234.680000,235.300000,232.820000,234.530000,-0.740000,255.890000,223.870000
12:09:41,234.550000,51.000000,297026.000000,1949.000000,234.600000,339.000000,296315.000000,2054.000000,234.680000,235.300000,232.820000,234.600000,-0.670000,255.890000,223.870000
12:10:41,234.520000,80.000000,296803.000000,1940.000000,234.580000,87.000000,297766.000000,2081.000000,234.680000,235.300000,232.820000,234.580000,-0.690000,255.890000,223.870000
12:11:41,234.500000,4805.000000,296087.000000,1936.000000,234.530000,188.000000,298971.000000,2017.000000,234.680000,235.300000,232.820000,234.500000,-0.770000,255.890000,223.870000
12:12:41,234.500000,159.000000,292095.000000,1949.000000,234.510000,448.000000,300371.000000,2021.000000,234.680000,235.300000,232.820000,234.510000,-0.760000,255.890000,223.870000
12:13:41,234.450000,349.000000,290987.000000,1957.000000,234.500000,33.000000,300087.000000,2010.000000,234.680000,235.300000,232.820000,234.500000,-0.770000,255.890000,223.870000
12:14:41,234.360000,425.000000,289830.000000,1949.000000,234.400000,336.000000,302066.000000,2032.000000,234.680000,235.300000,232.820000,234.350000,-0.920000,255.890000,223.870000
12:15:41,234.350000,1000.000000,288491.000000,1945.000000,234.380000,87.000000,308776.000000,2055.000000,234.680000,235.300000,232.820000,234.350000,-0.920000,255.890000,223.870000
12:16:42,234.360000,12.000000,299003.000000,1957.000000,234.380000,102.000000,312189.000000,2054.000000,234.680000,235.300000,232.820000,234.390000,-0.880000,255.890000,223.870000
12:17:41,234.440000,40.000000,304589.000000,1980.000000,234.460000,104.000000,308612.000000,2034.000000,234.680000,235.300000,232.820000,234.440000,-0.830000,255.890000,223.870000
12:18:42,234.380000,251.000000,303222.000000,1970.000000,234.420000,430.000000,312021.000000,2081.000000,234.680000,235.300000,232.820000,234.380000,-0.890000,255.890000,223.870000
12:19:42,234.250000,539.000000,297952.000000,1958.000000,234.260000,122.000000,314316.000000,2084.000000,234.680000,235.300000,232.820000,234.250000,-1.020000,255.890000,223.870000
12:20:42,234.130000,1.000000,300601.000000,1943.000000,234.200000,876.000000,316677.000000,2093.000000,234.680000,235.300000,232.820000,234.130000,-1.140000,255.890000,223.870000
12:21:42,234.170000,238.000000,303496.000000,1976.000000,234.230000,86.000000,315376.000000,2096.000000,234.680000,235.300000,232.820000,234.170000,-1.100000,255.890000,223.870000
12:22:42,234.210000,536.000000,305712.000000,2010.000000,234.290000,99.000000,311347.000000,2084.000000,234.680000,235.300000,232.820000,234.280000,-0.990000,255.890000,223.870000
12:23:42,234.300000,200.000000,305366.000000,2021.000000,234.310000,64.000000,311447.000000,2081.000000,234.680000,235.300000,232.820000,234.300000,-0.970000,255.890000,223.870000
12:24:42,234.340000,250.000000,304745.000000,2046.000000,234.350000,6087.000000,309681.000000,2071.000000,234.680000,235.300000,232.820000,234.350000,-0.920000,255.890000,223.870000
12:25:42,234.400000,250.000000,303402.000000,2053.000000,234.450000,169.000000,300331.000000,2071.000000,234.680000,235.300000,232.820000,234.400000,-0.870000,255.890000,223.870000
12:26:42,234.400000,196.000000,303321.000000,2059.000000,234.430000,486.000000,302180.000000,2095.000000,234.680000,235.300000,232.820000,234.430000,-0.840000,255.890000,223.870000
12:27:42,234.310000,37.000000,301767.000000,2047.000000,234.360000,335.000000,309539.000000,2139.000000,234.680000,235.300000,232.820000,234.310000,-0.960000,255.890000,223.870000
12:28:42,234.380000,1.000000,303770.000000,2076.000000,234.420000,77.000000,310458.000000,2120.000000,234.680000,235.300000,232.820000,234.420000,-0.850000,255.890000,223.870000
12:29:43,234.370000,10.000000,304680.000000,2087.000000,234.420000,73.000000,310436.000000,2123.000000,234.680000,235.300000,232.820000,234.420000,-0.850000,255.890000,223.870000
12:30:43,234.240000,41.000000,301270.000000,2051.000000,234.280000,133.000000,312930.000000,2148.000000,234.680000,235.300000,232.820000,234.280000,-0.990000,255.890000,223.870000
12:31:43,234.220000,425.000000,301627.000000,2055.000000,234.290000,201.000000,313676.000000,2156.000000,234.680000,235.300000,232.820000,234.290000,-0.980000,255.890000,223.870000
12:32:43,234.190000,235.000000,301788.000000,2051.000000,234.230000,217.000000,314907.000000,2164.000000,234.680000,235.300000,232.820000,234.200000,-1.070000,255.890000,223.870000
12:33:43,234.240000,635.000000,305686.000000,2066.000000,234.290000,244.000000,311974.000000,2147.000000,234.680000,235.300000,232.820000,234.250000,-1.020000,255.890000,223.870000
12:34:43,234.320000,130.000000,307692.000000,2087.000000,234.350000,190.000000,311339.000000,2136.000000,234.680000,235.300000,232.820000,234.350000,-0.920000,255.890000,223.870000
12:35:43,234.320000,50.000000,307540.000000,2065.000000,234.350000,70.000000,313083.000000,2154.000000,234.680000,235.300000,232.820000,234.320000,-0.950000,255.890000,223.870000
12:36:43,234.160000,40.000000,306475.000000,2056.000000,234.200000,1.000000,315642.000000,2172.000000,234.680000,235.300000,232.820000,234.290000,-0.980000,255.890000,223.870000
12:37:43,234.160000,4.000000,307031.000000,2055.000000,234.190000,100.000000,316005.000000,2143.000000,234.680000,235.300000,232.820000,234.190000,-1.080000,255.890000,223.870000
12:38:43,234.170000,235.000000,307424.000000,2058.000000,234.220000,144.000000,315655.000000,2150.000000,234.680000,235.300000,232.820000,234.230000,-1.040000,255.890000,223.870000
12:39:43,234.240000,141.000000,301435.000000,2064.000000,234.250000,81.000000,314790.000000,2147.000000,234.680000,235.300000,232.820000,234.250000,-1.020000,255.890000,223.870000
12:40:43,234.240000,250.000000,303470.000000,2069.000000,234.260000,144.000000,311833.000000,2148.000000,234.680000,235.300000,232.820000,234.260000,-1.010000,255.890000,223.870000
12:41:43,234.250000,360.000000,305038.000000,2073.000000,234.290000,478.000000,312480.000000,2159.000000,234.680000,235.300000,232.820000,234.250000,-1.020000,255.890000,223.870000
12:42:43,234.120000,14.000000,302684.000000,2057.000000,234.170000,50.000000,315617.000000,2192.000000,234.680000,235.300000,232.820000,234.120000,-1.150000,255.890000,223.870000
12:43:43,234.090000,475.000000,291089.000000,2052.000000,234.150000,454.000000,317643.000000,2205.000000,234.680000,235.300000,232.820000,234.150000,-1.120000,255.890000,223.870000
12:44:43,233.940000,10.000000,275173.000000,1970.000000,233.970000,183.000000,319224.000000,2226.000000,234.680000,235.300000,232.820000,233.930000,-1.340000,255.890000,223.870000
12:45:43,233.980000,53.000000,277030.000000,2008.000000,233.990000,95.000000,317457.000000,2220.000000,234.680000,235.300000,232.820000,233.980000,-1.290000,255.890000,223.870000
12:46:43,233.900000,122.000000,275823.000000,1986.000000,233.920000,500.000000,319588.000000,2232.000000,234.680000,235.300000,232.820000,233.900000,-1.370000,255.890000,223.870000
12:47:43,233.890000,50.000000,276206.000000,1995.000000,233.900000,367.000000,322887.000000,2240.000000,234.680000,235.300000,232.820000,233.900000,-1.370000,255.890000,223.870000
12:48:43,233.900000,1.000000,276003.000000,2005.000000,233.940000,345.000000,319724.000000,2216.000000,234.680000,235.300000,232.820000,233.890000,-1.380000,255.890000,223.870000
12:49:44,233.890000,319.000000,277656.000000,2022.000000,233.920000,310.000000,322969.000000,2232.000000,234.680000,235.300000,232.820000,233.920000,-1.350000,255.890000,223.870000
12:50:44,233.930000,461.000000,278424.000000,2046.000000,233.970000,125.000000,320319.000000,2218.000000,234.680000,235.300000,232.820000,233.970000,-1.300000,255.890000,223.870000
12:51:44,233.890000,50.000000,277164.000000,2027.000000,233.900000,100.000000,322901.000000,2238.000000,234.680000,235.300000,232.820000,233.900000,-1.370000,255.890000,223.870000
12:52:44,233.910000,1.000000,277983.000000,2051.000000,233.920000,16.000000,322015.000000,2235.000000,234.680000,235.300000,232.820000,233.900000,-1.370000,255.890000,223.870000
12:53:44,233.940000,208.000000,279836.000000,2072.000000,233.980000,51.000000,320680.000000,2219.000000,234.680000,235.300000,232.820000,233.990000,-1.280000,255.890000,223.870000
12:54:44,233.960000,478.000000,280150.000000,2071.000000,234.000000,827.000000,318188.000000,2204.000000,234.680000,235.300000,232.820000,234.000000,-1.270000,255.890000,223.870000
12:55:44,233.990000,515.000000,279835.000000,2071.000000,234.000000,71.000000,318730.000000,2206.000000,234.680000,235.300000,232.820000,234.000000,-1.270000,255.890000,223.870000
12:56:44,234.030000,57.000000,280994.000000,2087.000000,234.060000,95.000000,317018.000000,2200.000000,234.680000,235.300000,232.820000,234.060000,-1.210000,255.890000,223.870000
12:57:44,234.000000,1174.000000,280315.000000,2074.000000,234.030000,82.000000,320228.000000,2222.000000,234.680000,235.300000,232.820000,234.040000,-1.230000,255.890000,223.870000
12:58:44,234.120000,323.000000,281945.000000,2091.000000,234.160000,365.000000,320883.000000,2209.000000,234.680000,235.300000,232.820000,234.140000,-1.130000,255.890000,223.870000
12:59:44,234.020000,719.000000,280877.000000,2082.000000,234.070000,33.000000,321830.000000,2234.000000,234.680000,235.300000,232.820000,234.020000,-1.250000,255.890000,223.870000
13:00:44,234.170000,51.000000,284237.000000,2106.000000,234.210000,250.000000,317789.000000,2205.000000,234.680000,235.300000,232.820000,234.200000,-1.070000,255.890000,223.870000
13:01:44,234.030000,40.000000,279446.000000,2071.000000,234.050000,38.000000,324204.000000,2255.000000,234.680000,235.300000,232.820000,234.030000,-1.240000,255.890000,223.870000
13:02:44,233.900000,200.000000,276287.000000,2036.000000,233.940000,17.000000,324548.000000,2258.000000,234.680000,235.300000,232.820000,233.910000,-1.360000,255.890000,223.870000
13:03:44,233.860000,3191.000000,276341.000000,2033.000000,233.890000,54.000000,326247.000000,2266.000000,234.680000,235.300000,232.820000,233.860000,-1.410000,255.890000,223.870000
13:04:44,233.820000,270.000000,271145.000000,2001.000000,233.880000,567.000000,324086.000000,2249.000000,234.680000,235.300000,232.820000,233.820000,-1.450000,255.890000,223.870000
13:05:44,233.790000,415.000000,272131.000000,1999.000000,233.830000,60.000000,327549.000000,2282.000000,234.680000,235.300000,232.820000,233.790000,-1.480000,255.890000,223.870000
13:06:44,233.830000,491.000000,272576.000000,2012.000000,233.850000,325.000000,324969.000000,2275.000000,234.680000,235.300000,232.820000,233.830000,-1.440000,255.890000,223.870000
13:07:44,233.760000,2.000000,272305.000000,2010.000000,233.770000,280.000000,331226.000000,2301.000000,234.680000,235.300000,232.820000,233.770000,-1.500000,255.890000,223.870000
13:08:44,233.750000,656.000000,271938.000000,2015.000000,233.780000,78.000000,330966.000000,2301.000000,234.680000,235.300000,232.820000,233.750000,-1.520000,255.890000,223.870000
13:09:44,233.750000,272.000000,271837.000000,2022.000000,233.770000,299.000000,330555.000000,2302.000000,234.680000,235.300000,232.820000,233.770000,-1.500000,255.890000,223.870000
13:10:44,233.780000,420.000000,271204.000000,2020.000000,233.820000,10.000000,329083.000000,2278.000000,234.680000,235.300000,232.820000,233.780000,-1.490000,255.890000,223.870000
13:11:44,233.600000,287.000000,266007.000000,1970.000000,233.630000,10.000000,331706.000000,2293.000000,234.680000,235.300000,232.820000,233.600000,-1.670000,255.890000,223.870000
13:12:44,233.650000,150.000000,268837.000000,1986.000000,233.710000,300.000000,328061.000000,2268.000000,234.680000,235.300000,232.820000,233.760000,-1.510000,255.890000,223.870000
13:13:45,233.650000,147.000000,269190.000000,2001.000000,233.710000,300.000000,329319.000000,2281.000000,234.680000,235.300000,232.820000,233.730000,-1.540000,255.890000,223.870000
13:14:44,233.670000,250.000000,270665.000000,2003.000000,233.720000,156.000000,329799.000000,2287.000000,234.680000,235.300000,232.820000,233.690000,-1.580000,255.890000,223.870000
13:15:45,233.540000,201.000000,265447.000000,1984.000000,233.610000,13.000000,328559.000000,2293.000000,234.680000,235.300000,232.820000,233.540000,-1.730000,255.890000,223.870000
13:16:45,233.590000,156.000000,264916.000000,1981.000000,233.610000,109.000000,330647.000000,2303.000000,234.680000,235.300000,232.820000,233.550000,-1.720000,255.890000,223.870000
13:17:45,233.630000,639.000000,265567.000000,2013.000000,233.700000,79.000000,324477.000000,2275.000000,234.680000,235.300000,232.820000,233.660000,-1.610000,255.890000,223.870000
13:18:45,233.560000,40.000000,264443.000000,1999.000000,233.600000,130.000000,329904.000000,2309.000000,234.680000,235.300000,232.820000,233.550000,-1.720000,255.890000,223.870000
13:19:45,233.540000,350.000000,266697.000000,1999.000000,233.580000,104.000000,328139.000000,2306.000000,234.680000,235.300000,232.820000,233.580000,-1.690000,255.890000,223.870000
13:20:45,233.540000,2.000000,265803.000000,2002.000000,233.570000,114.000000,329971.000000,2313.000000,234.680000,235.300000,232.820000,233.570000,-1.700000,255.890000,223.870000
13:21:45,233.560000,7.000000,268839.000000,2022.000000,233.570000,141.000000,330028.000000,2301.000000,234.680000,235.300000,232.820000,233.570000,-1.700000,255.890000,223.870000
13:22:45,233.610000,128.000000,268247.000000,2044.000000,233.690000,444.000000,326939.000000,2284.000000,234.680000,235.300000,232.820000,233.690000,-1.580000,255.890000,223.870000
13:23:45,233.830000,1.000000,272018.000000,2067.000000,233.870000,19.000000,323549.000000,2258.000000,234.680000,235.300000,232.820000,233.870000,-1.400000,255.890000,223.870000
13:24:45,234.000000,200.000000,273587.000000,2076.000000,234.010000,510.000000,323475.000000,2247.000000,234.680000,235.300000,232.820000,234.000000,-1.270000,255.890000,223.870000
13:25:45,234.140000,250.000000,273080.000000,2077.000000,234.160000,204.000000,320487.000000,2229.000000,234.680000,235.300000,232.820000,234.150000,-1.120000,255.890000,223.870000
13:26:45,234.210000,521.000000,275179.000000,2102.000000,234.290000,20.000000,317448.000000,2219.000000,234.680000,235.300000,232.820000,234.290000,-0.980000,255.890000,223.870000
13:27:45,234.180000,223.000000,274270.000000,2092.000000,234.260000,73.000000,320115.000000,2244.000000,234.680000,235.300000,232.820000,234.180000,-1.090000,255.890000,223.870000
13:28:45,234.150000,550.000000,273439.000000,2100.000000,234.170000,65.000000,322902.000000,2259.000000,234.680000,235.300000,232.820000,234.110000,-1.160000,255.890000,223.870000
13:29:45,234.160000,100.000000,276872.000000,2109.000000,234.230000,77.000000,321780.000000,2244.000000,234.680000,235.300000,232.820000,234.160000,-1.110000,255.890000,223.870000
13:30:45,234.200000,3149.000000,280031.000000,2117.000000,234.260000,74.000000,322551.000000,2247.000000,234.680000,235.300000,232.820000,234.200000,-1.070000,255.890000,223.870000
13:31:45,234.200000,2553.000000,277858.000000,2110.000000,234.250000,101.000000,323920.000000,2261.000000,234.680000,235.300000,232.820000,234.250000,-1.020000,255.890000,223.870000
13:32:46,233.960000,325.000000,274641.000000,2108.000000,234.050000,50.000000,328473.000000,2307.000000,234.680000,235.300000,232.820000,234.000000,-1.270000,255.890000,223.870000
13:33:46,233.830000,1.000000,272390.000000,2086.000000,233.870000,99.000000,330007.000000,2319.000000,234.680000,235.300000,232.820000,233.830000,-1.440000,255.890000,223.870000
13:34:46,233.790000,58.000000,271789.000000,2080.000000,233.820000,203.000000,332203.000000,2328.000000,234.680000,235.300000,232.820000,233.790000,-1.480000,255.890000,223.870000
13:35:45,233.860000,91.000000,280635.000000,2100.000000,233.910000,50.000000,332618.000000,2311.000000,234.680000,235.300000,232.820000,233.890000,-1.380000,255.890000,223.870000
13:36:46,233.830000,384.000000,281590.000000,2084.000000,233.900000,273.000000,338503.000000,2314.000000,234.680000,235.300000,232.820000,233.890000,-1.380000,255.890000,223.870000
13:37:46,233.800000,465.000000,281245.000000,2082.000000,233.810000,40.000000,343386.000000,2345.000000,234.680000,235.300000,232.820000,233.820000,-1.450000,255.890000,223.870000
13:38:46,233.710000,543.000000,279230.000000,2068.000000,233.780000,63.000000,344639.000000,2355.000000,234.680000,235.300000,232.820000,233.720000,-1.550000,255.890000,223.870000
13:39:46,233.760000,50.000000,283514.000000,2101.000000,233.800000,100.000000,340551.000000,2324.000000,234.680000,235.300000,232.820000,233.750000,-1.520000,255.890000,223.870000
13:40:46,233.750000,229.000000,283795.000000,2106.000000,233.810000,113.000000,341807.000000,2339.000000,234.680000,235.300000,232.820000,233.760000,-1.510000,255.890000,223.870000
13:41:46,233.790000,192.000000,284513.000000,2121.000000,233.850000,375.000000,342419.000000,2337.000000,234.680000,235.300000,232.820000,233.870000,-1.400000,255.890000,223.870000
13:42:46,233.800000,192.000000,285042.000000,2123.000000,233.850000,250.000000,342178.000000,2337.000000,234.680000,235.300000,232.820000,233.840000,-1.430000,255.890000,223.870000
13:43:46,233.890000,141.000000,289427.000000,2162.000000,233.940000,250.000000,338809.000000,2321.000000,234.680000,235.300000,232.820000,233.950000,-1.320000,255.890000,223.870000
13:44:46,233.850000,350.000000,289771.000000,2149.000000,233.900000,236.000000,341517.000000,2348.000000,234.680000,235.300000,232.820000,233.900000,-1.370000,255.890000,223.870000
13:45:46,233.630000,104.000000,283791.000000,2091.000000,233.660000,517.000000,344538.000000,2370.000000,234.680000,235.300000,232.820000,233.660000,-1.610000,255.890000,223.870000
13:46:46,233.660000,80.000000,276907.000000,2095.000000,233.710000,12.000000,341905.000000,2341.000000,234.680000,235.300000,232.820000,233.650000,-1.620000,255.890000,223.870000
13:47:46,233.630000,475.000000,275782.000000,2099.000000,233.710000,160.000000,344157.000000,2362.000000,234.680000,235.300000,232.820000,233.710000,-1.560000,255.890000,223.870000
13:48:46,233.700000,86.000000,276855.000000,2121.000000,233.770000,300.000000,342085.000000,2346.000000,234.680000,235.300000,232.820000,233.700000,-1.570000,255.890000,223.870000
13:49:46,233.620000,506.000000,275551.000000,2110.000000,233.700000,730.000000,345599.000000,2389.000000,234.680000,235.300000,232.820000,233.650000,-1.620000,255.890000,223.870000
13:50:46,233.580000,167.000000,276306.000000,2124.000000,233.600000,9499.000000,344620.000000,2370.000000,234.680000,235.300000,232.820000,233.600000,-1.670000,255.890000,223.870000
13:51:46,233.620000,30.000000,269355.000000,2107.000000,233.660000,688.000000,345717.000000,2387.000000,234.680000,235.300000,232.820000,233.660000,-1.610000,255.890000,223.870000
13:52:46,233.590000,138.000000,270532.000000,2114.000000,233.600000,2176.000000,347931.000000,2394.000000,234.680000,235.300000,232.820000,233.600000,-1.670000,255.890000,223.870000
13:53:47,233.590000,100.000000,271140.000000,2120.000000,233.600000,955.000000,345308.000000,2378.000000,234.680000,235.300000,232.820000,233.620000,-1.650000,255.890000,223.870000
13:54:47,233.450000,1.000000,258220.000000,1996.000000,233.500000,228.000000,341316.000000,2364.000000,234.680000,235.300000,232.820000,233.500000,-1.770000,255.890000,223.870000
13:55:47,233.470000,50.000000,256578.000000,2018.000000,233.500000,116.000000,344316.000000,2384.000000,234.680000,235.300000,232.820000,233.500000,-1.770000,255.890000,223.870000
13:56:47,233.570000,1.000000,261892.000000,2062.000000,233.640000,420.000000,340427.000000,2373.000000,234.680000,235.300000,232.820000,233.640000,-1.630000,255.890000,223.870000
13:57:46,233.580000,111.000000,262470.000000,2068.000000,233.620000,269.000000,341170.000000,2386.000000,234.680000,235.300000,232.820000,233.630000,-1.640000,255.890000,223.870000
,233.580000,111.000000,262470.000000,2068.000000,233.620000,269.000000,341170.000000,2386.000000,234.680000,235.300000,232.820000,233.630000,-1.640000,255.890000,223.870000
,233.580000,111.000000,262470.000000,2068.000000,233.620000,269.000000,341170.000000,2386.000000,234.680000,235.300000,232.820000,233.630000,-1.640000,255.890000,223.870000
,233.580000,111.000000,262470.000000,2068.000000,233.620000,269.000000,341170.000000,2386.000000,234.680000,235.300000,232.820000,233.630000,-1.640000,255.890000,223.870000
,233.580000,111.000000,262470.000000,2068.000000,233.620000,269.000000,341170.000000,2386.000000,234.680000,235.300000,232.820000,233.630000,-1.640000,255.890000,223.870000
,233.580000,111.000000,262470.000000,2068.000000,233.620000,269.000000,341170.000000,2386.000000,234.680000,235.300000,232.820000,233.630000,-1.640000,255.890000,223.870000
,233.580000,111.000000,262470.000000,2068.000000,233.620000,269.000000,341170.000000,2386.000000,234.680000,235.300000,232.820000,233.630000,-1.640000,255.890000,223.870000
,233.580000,111.000000,262470.000000,2068.000000,233.620000,269.000000,341170.000000,2386.000000,234.680000,235.300000,232.820000,233.630000,-1.640000,255.890000,223.870000
,233.580000,111.000000,262470.000000,2068.000000,233.620000,269.000000,341170.000000,2386.000000,234.680000,235.300000,232.820000,233.630000,-1.640000,255.890000,223.870000
,233.580000,111.000000,262470.000000,2068.000000,233.620000,269.000000,341170.000000,2386.000000,234.680000,235.300000,232.820000,233.630000,-1.640000,255.890000,223.870000
,233.580000,111.000000,262470.000000,2068.000000,233.620000,269.000000,341170.000000,2386.000000,234.680000,235.300000,232.820000,233.630000,-1.640000,255.890000,223.870000
14:08:47,233.300000,75.000000,259862.000000,2005.000000,233.310000,12.000000,349399.000000,2420.000000,234.680000,235.300000,232.820000,233.300000,-1.970000,255.890000,223.870000
14:09:47,233.410000,350.000000,263230.000000,2039.000000,233.440000,189.000000,339706.000000,2363.000000,234.680000,235.300000,232.820000,233.390000,-1.880000,255.890000,223.870000
14:10:47,233.370000,432.000000,262739.000000,2043.000000,233.420000,60.000000,340926.000000,2365.000000,234.680000,235.300000,232.820000,233.370000,-1.900000,255.890000,223.870000
14:11:47,233.380000,2.000000,258925.000000,2036.000000,233.410000,469.000000,344639.000000,2387.000000,234.680000,235.300000,232.820000,233.420000,-1.850000,255.890000,223.870000
14:12:47,233.280000,37.000000,258628.000000,2027.000000,233.300000,180.000000,350070.000000,2416.000000,234.680000,235.300000,232.820000,233.280000,-1.990000,255.890000,223.870000
14:13:47,233.170000,205.000000,253469.000000,1993.000000,233.210000,59.000000,349454.000000,2447.000000,234.680000,235.300000,232.820000,233.170000,-2.100000,255.890000,223.870000
14:14:48,233.280000,115.000000,256724.000000,2017.000000,233.300000,698.000000,346950.000000,2419.000000,234.680000,235.300000,232.820000,233.300000,-1.970000,255.890000,223.870000
14:15:48,233.270000,50.000000,256830.000000,2025.000000,233.280000,502.000000,349452.000000,2428.000000,234.680000,235.300000,232.820000,233.280000,-1.990000,255.890000,223.870000
14:16:48,233.170000,250.000000,253232.000000,2027.000000,233.180000,657.000000,351701.000000,2434.000000,234.680000,235.300000,232.820000,233.180000,-2.090000,255.890000,223.870000
14:17:48,233.240000,88.000000,255228.000000,2047.000000,233.260000,191.000000,348932.000000,2417.000000,234.680000,235.300000,232.820000,233.240000,-2.030000,255.890000,223.870000
14:18:48,233.530000,112.000000,260651.000000,2073.000000,233.580000,38.000000,344845.000000,2382.000000,234.680000,235.300000,232.820000,233.580000,-1.690000,255.890000,223.870000
14:19:48,233.740000,298.000000,264021.000000,2104.000000,233.810000,384.000000,337755.000000,2345.000000,234.680000,235.300000,232.820000,233.740000,-1.530000,255.890000,223.870000
14:20:48,233.720000,6.000000,266274.000000,2085.000000,233.740000,1.000000,348559.000000,2361.000000,234.680000,235.300000,232.820000,233.720000,-1.550000,255.890000,223.870000
14:21:48,233.710000,474.000000,269982.000000,2122.000000,233.730000,250.000000,349432.000000,2378.000000,234.680000,235.300000,232.820000,233.710000,-1.560000,255.890000,223.870000
14:22:48,233.670000,300.000000,267314.000000,2095.000000,233.740000,5.000000,341903.000000,2372.000000,234.680000,235.300000,232.820000,233.740000,-1.530000,255.890000,223.870000
14:23:48,233.690000,14.000000,268277.000000,2103.000000,233.720000,400.000000,346099.000000,2380.000000,234.680000,235.300000,232.820000,233.720000,-1.550000,255.890000,223.870000
14:24:48,233.700000,50.000000,269028.000000,2112.000000,233.730000,449.000000,341822.000000,2377.000000,234.680000,235.300000,232.820000,233.730000,-1.540000,255.890000,223.870000
14:25:49,233.650000,25.000000,268286.000000,2112.000000,233.690000,300.000000,344339.000000,2394.000000,234.680000,235.300000,232.820000,233.700000,-1.570000,255.890000,223.870000
14:26:48,233.660000,475.000000,269190.000000,2125.000000,233.700000,1002.000000,340320.000000,2397.000000,234.680000,235.300000,232.820000,233.700000,-1.570000,255.890000,223.870000
14:27:49,233.700000,213.000000,269966.000000,2133.000000,233.760000,246.000000,332887.000000,2375.000000,234.680000,235.300000,232.820000,233.760000,-1.510000,255.890000,223.870000
14:28:49,233.600000,684.000000,269449.000000,2127.000000,233.690000,350.000000,337550.000000,2388.000000,234.680000,235.300000,232.820000,233.630000,-1.640000,255.890000,223.870000
14:29:49,233.610000,25.000000,267591.000000,2114.000000,233.650000,50.000000,337768.000000,2400.000000,234.680000,235.300000,232.820000,233.660000,-1.610000,255.890000,223.870000
14:30:49,233.670000,253.000000,271855.000000,2158.000000,233.750000,250.000000,335447.000000,2381.000000,234.680000,235.300000,232.820000,233.700000,-1.570000,255.890000,223.870000
14:31:49,233.780000,50.000000,272303.000000,2156.000000,233.820000,294.000000,334229.000000,2377.000000,234.680000,235.300000,232.820000,233.820000,-1.450000,255.890000,223.870000
14:32:49,234.000000,10.000000,273700.000000,2156.000000,234.010000,10.000000,329137.000000,2338.000000,234.680000,235.300000,232.820000,234.050000,-1.220000,255.890000,223.870000
14:33:49,234.130000,250.000000,276963.000000,2187.000000,234.190000,446.000000,328405.000000,2321.000000,234.680000,235.300000,232.820000,234.190000,-1.080000,255.890000,223.870000
14:34:49,233.890000,184.000000,270268.000000,2152.000000,233.960000,50.000000,339653.000000,2363.000000,234.680000,235.300000,232.820000,233.970000,-1.300000,255.890000,223.870000
14:35:49,233.890000,141.000000,271061.000000,2175.000000,233.970000,63.000000,331699.000000,2343.000000,234.680000,235.300000,232.820000,233.950000,-1.320000,255.890000,223.870000
14:36:49,233.830000,139.000000,268998.000000,2147.000000,233.880000,113.000000,336483.000000,2383.000000,234.680000,235.300000,232.820000,233.830000,-1.440000,255.890000,223.870000
14:37:49,233.870000,50.000000,269664.000000,2175.000000,233.900000,168.000000,334191.000000,2362.000000,234.680000,235.300000,232.820000,233.870000,-1.400000,255.890000,223.870000
14:38:49,233.850000,158.000000,269749.000000,2170.000000,233.910000,571.000000,334871.000000,2372.000000,234.680000,235.300000,232.820000,233.850000,-1.420000,255.890000,223.870000
14:39:49,233.950000,90.000000,273138.000000,2189.000000,233.980000,160.000000,333102.000000,2354.000000,234.680000,235.300000,232.820000,233.950000,-1.320000,255.890000,223.870000
14:40:49,234.040000,106.000000,275888.000000,2195.000000,234.130000,427.000000,330306.000000,2334.000000,234.680000,235.300000,232.820000,234.130000,-1.140000,255.890000,223.870000
14:41:49,233.740000,97.000000,266675.000000,2150.000000,233.810000,140.000000,335035.000000,2373.000000,234.680000,235.300000,232.820000,233.740000,-1.530000,255.890000,223.870000
14:42:49,233.760000,210.000000,265906.000000,2163.000000,233.790000,21.000000,335767.000000,2375.000000,234.680000,235.300000,232.820000,233.790000,-1.480000,255.890000,223.870000
14:43:49,233.780000,50.000000,266735.000000,2178.000000,233.800000,9407.000000,332002.000000,2360.000000,234.680000,235.300000,232.820000,233.780000,-1.490000,255.890000,223.870000
14:44:49,233.780000,79.000000,265785.000000,2165.000000,233.800000,126.000000,337585.000000,2395.000000,234.680000,235.300000,232.820000,233.780000,-1.490000,255.890000,223.870000
14:45:50,233.790000,150.000000,268047.000000,2182.000000,233.840000,250.000000,336126.000000,2381.000000,234.680000,235.300000,232.820000,233.780000,-1.490000,255.890000,223.870000
14:46:50,233.650000,40.000000,272560.000000,2158.000000,233.710000,50.000000,339648.000000,2408.000000,234.680000,235.300000,232.820000,233.650000,-1.620000,255.890000,223.870000
14:47:50,233.670000,50.000000,274210.000000,2170.000000,233.700000,326.000000,338257.000000,2392.000000,234.680000,235.300000,232.820000,233.670000,-1.600000,255.890000,223.870000
14:48:49,233.680000,50.000000,274343.000000,2164.000000,233.730000,40.000000,337715.000000,2392.000000,234.680000,235.300000,232.820000,233.750000,-1.520000,255.890000,223.870000
14:49:50,233.680000,99.000000,275541.000000,2175.000000,233.720000,298.000000,337120.000000,2385.000000,234.680000,235.300000,232.820000,233.720000,-1.550000,255.890000,223.870000
14:50:50,233.750000,185.000000,276227.000000,2185.000000,233.790000,252.000000,337361.000000,2380.000000,234.680000,235.300000,232.820000,233.790000,-1.480000,255.890000,223.870000
14:51:50,233.700000,250.000000,275330.000000,2181.000000,233.750000,235.000000,345721.000000,2378.000000,234.680000,235.300000,232.820000,233.680000,-1.590000,255.890000,223.870000
14:52:50,233.670000,4.000000,275148.000000,2178.000000,233.700000,156.000000,346826.000000,2397.000000,234.680000,235.300000,232.820000,233.650000,-1.620000,255.890000,223.870000
14:53:50,233.650000,624.000000,275985.000000,2189.000000,233.700000,222.000000,346512.000000,2400.000000,234.680000,235.300000,232.820000,233.700000,-1.570000,255.890000,223.870000
14:54:50,233.690000,100.000000,276506.000000,2200.000000,233.770000,243.000000,346198.000000,2381.000000,234.680000,235.300000,232.820000,233.770000,-1.500000,255.890000,223.870000
14:55:50,233.710000,120.000000,277126.000000,2218.000000,233.790000,425.000000,346117.000000,2381.000000,234.680000,235.300000,232.820000,233.710000,-1.560000,255.890000,223.870000
14:56:50,233.710000,89.000000,277177.000000,2214.000000,233.750000,280.000000,347815.000000,2392.000000,234.680000,235.300000,232.820000,233.750000,-1.520000,255.890000,223.870000
14:57:50,233.710000,39.000000,277476.000000,2220.000000,233.750000,225.000000,346512.000000,2391.000000,234.680000,235.300000,232.820000,233.710000,-1.560000,255.890000,223.870000
14:58:50,233.660000,120.000000,276017.000000,2210.000000,233.730000,327.000000,348027.000000,2406.000000,234.680000,235.300000,232.820000,233.650000,-1.620000,255.890000,223.870000
14:59:50,233.420000,120.000000,275125.000000,2187.000000,233.500000,330.000000,351492.000000,2432.000000,234.680000,235.300000,232.820000,233.410000,-1.860000,255.890000,223.870000
15:00:50,233.210000,235.000000,264317.000000,2078.000000,233.280000,309.000000,354313.000000,2457.000000,234.680000,235.300000,232.820000,233.190000,-2.080000,255.890000,223.870000
15:01:50,233.050000,10.000000,260512.000000,1803.000000,233.120000,288.000000,343920.000000,2463.000000,234.680000,235.300000,232.820000,233.120000,-2.150000,255.890000,220.000000
15:02:50,233.140000,1.000000,268215.000000,1869.000000,233.200000,603.000000,352431.000000,2444.000000,234.680000,235.300000,232.820000,233.130000,-2.140000,255.890000,220.000000
15:03:50,233.330000,26.000000,271890.000000,1920.000000,233.350000,5.000000,345801.000000,2413.000000,234.680000,235.300000,232.820000,233.390000,-1.880000,255.890000,220.000000
15:04:50,233.330000,24.000000,273420.000000,1922.000000,233.340000,81.000000,348740.000000,2432.000000,234.680000,235.300000,232.820000,233.330000,-1.940000,255.890000,220.000000
15:05:50,233.270000,1.000000,272943.000000,1919.000000,233.320000,350.000000,349211.000000,2438.000000,234.680000,235.300000,232.820000,233.300000,-1.970000,255.890000,220.000000
15:06:51,233.030000,1828.000000,269313.000000,1893.000000,233.130000,331.000000,356775.000000,2495.000000,234.680000,235.300000,232.820000,233.040000,-2.230000,255.890000,220.000000
15:07:50,233.040000,70.000000,275253.000000,1888.000000,233.130000,1067.000000,355682.000000,2498.000000,234.680000,235.300000,232.820000,233.040000,-2.230000,255.890000,220.000000
15:08:50,233.010000,1672.000000,274757.000000,1882.000000,233.100000,142.000000,354931.000000,2493.000000,234.680000,235.300000,232.820000,233.010000,-2.260000,255.890000,220.000000
15:09:50,233.170000,166.000000,286936.000000,1919.000000,233.210000,131.000000,352101.000000,2479.000000,234.680000,235.300000,232.820000,233.200000,-2.070000,255.890000,220.000000
15:10:50,233.010000,2165.000000,275304.000000,1875.000000,233.070000,325.000000,357388.000000,2524.000000,234.680000,235.300000,232.820000,233.080000,-2.190000,255.890000,220.000000
15:11:51,233.020000,149.000000,282743.000000,1907.000000,233.050000,465.000000,355867.000000,2505.000000,234.680000,235.300000,232.820000,233.050000,-2.220000,255.890000,220.000000
15:12:51,232.710000,259.000000,219719.000000,1646.000000,232.760000,81.000000,365827.000000,2554.000000,234.680000,235.300000,232.700000,232.750000,-2.520000,255.890000,220.000000
15:13:51,232.830000,250.000000,234230.000000,1720.000000,232.880000,299.000000,357567.000000,2484.000000,234.680000,235.300000,232.700000,232.800000,-2.470000,255.890000,220.000000
15:14:51,232.910000,175.000000,235001.000000,1748.000000,232.960000,238.000000,358707.000000,2465.000000,234.680000,235.300000,232.700000,232.960000,-2.310000,255.890000,220.000000
15:15:51,232.920000,232.000000,246232.000000,1784.000000,232.960000,269.000000,359678.000000,2467.000000,234.680000,235.300000,232.700000,232.930000,-2.340000,255.890000,220.000000
15:16:51,233.100000,2.000000,249364.000000,1827.000000,233.160000,375.000000,358842.000000,2473.000000,234.680000,235.300000,232.700000,233.130000,-2.140000,255.890000,220.000000
15:17:51,233.200000,400.000000,247553.000000,1829.000000,233.230000,300.000000,358530.000000,2474.000000,234.680000,235.300000,232.700000,233.210000,-2.060000,255.890000,220.000000
15:18:51,233.160000,35.000000,247287.000000,1844.000000,233.200000,81.000000,359724.000000,2485.000000,234.680000,235.300000,232.700000,233.160000,-2.110000,255.890000,220.000000
15:19:51,233.020000,59.000000,245626.000000,1824.000000,233.040000,331.000000,364045.000000,2518.000000,234.680000,235.300000,232.700000,233.020000,-2.250000,255.890000,220.000000
15:20:51,233.100000,359.000000,251836.000000,1858.000000,233.140000,250.000000,362214.000000,2505.000000,234.680000,235.300000,232.700000,233.100000,-2.170000,255.890000,220.000000
15:21:51,233.010000,104.000000,251115.000000,1856.000000,233.070000,1096.000000,367584.000000,2532.000000,234.680000,235.300000,232.700000,233.010000,-2.260000,255.890000,220.000000
15:22:51,233.070000,58.000000,250350.000000,1872.000000,233.160000,564.000000,364716.000000,2527.000000,234.680000,235.300000,232.700000,233.070000,-2.200000,255.890000,220.000000
15:23:51,233.080000,470.000000,253018.000000,1883.000000,233.170000,325.000000,353478.000000,2519.000000,234.680000,235.300000,232.700000,233.120000,-2.150000,255.890000,220.000000
15:24:51,233.010000,173.000000,253520.000000,1864.000000,233.070000,300.000000,365062.000000,2549.000000,234.680000,235.300000,232.700000,233.010000,-2.260000,255.890000,220.000000
15:25:51,233.000000,1808.000000,255746.000000,1869.000000,233.070000,841.000000,364993.000000,2551.000000,234.680000,235.300000,232.700000,233.070000,-2.200000,255.890000,220.000000
15:26:51,233.010000,103.000000,253688.000000,1868.000000,233.050000,498.000000,366681.000000,2557.000000,234.680000,235.300000,232.700000,233.010000,-2.260000,255.890000,220.000000
15:27:51,232.920000,25.000000,252098.000000,1845.000000,232.940000,92.000000,371742.000000,2588.000000,234.680000,235.300000,232.700000,232.900000,-2.370000,255.890000,220.000000
15:28:51,232.850000,540.000000,248649.000000,1844.000000,232.910000,316.000000,369973.000000,2572.000000,234.680000,235.300000,232.700000,232.860000,-2.410000,255.890000,220.000000
15:29:51,232.820000,143.000000,240079.000000,1820.000000,232.880000,113.000000,366397.000000,2568.000000,234.680000,235.300000,232.700000,232.880000,-2.390000,255.890000,220.000000
15:30:51,232.740000,2999.000000,239460.000000,1799.000000,232.790000,424.000000,370848.000000,2566.000000,234.680000,235.300000,232.700000,232.790000,-2.480000,255.890000,220.000000
15:31:51,232.910000,80.000000,238534.000000,1822.000000,232.990000,653.000000,368406.000000,2552.000000,234.680000,235.300000,232.700000,232.980000,-2.290000,255.890000,220.000000
15:32:52,232.950000,78.000000,238952.000000,1841.000000,232.990000,15.000000,367845.000000,2542.000000,234.680000,235.300000,232.700000,232.990000,-2.280000,255.890000,220.000000
15:33:51,232.900000,223.000000,237724.000000,1838.000000,232.950000,50.000000,368165.000000,2550.000000,234.680000,235.300000,232.700000,232.960000,-2.310000,255.890000,220.000000
15:34:52,232.750000,140.000000,238862.000000,1839.000000,232.800000,25.000000,372704.000000,2574.000000,234.680000,235.300000,232.700000,232.820000,-2.450000,255.890000,220.000000
15:35:52,232.830000,78.000000,243377.000000,1859.000000,232.900000,147.000000,370869.000000,2550.000000,234.680000,235.300000,232.700000,232.850000,-2.420000,255.890000,220.000000
15:36:52,232.810000,3.000000,244570.000000,1869.000000,232.860000,81.000000,372191.000000,2559.000000,234.680000,235.300000,232.700000,232.810000,-2.460000,255.890000,220.000000
15:37:52,232.900000,74.000000,244821.000000,1878.000000,232.930000,555.000000,370447.000000,2542.000000,234.680000,235.300000,232.700000,232.900000,-2.370000,255.890000,220.000000
15:38:52,232.770000,80.000000,243492.000000,1875.000000,232.830000,66.000000,373759.000000,2572.000000,234.680000,235.300000,232.700000,232.830000,-2.440000,255.890000,220.000000
15:39:52,232.780000,50.000000,251459.000000,1869.000000,232.810000,81.000000,376083.000000,2583.000000,234.680000,235.300000,232.700000,232.830000,-2.440000,255.890000,220.000000
15:40:52,232.850000,350.000000,251916.000000,1869.000000,232.920000,94.000000,372454.000000,2572.000000,234.680000,235.300000,232.700000,232.920000,-2.350000,255.890000,220.000000
15:41:52,233.020000,500.000000,255409.000000,1891.000000,233.070000,135.000000,366189.000000,2542.000000,234.680000,235.300000,232.700000,233.070000,-2.200000,255.890000,220.000000
15:42:52,233.240000,322.000000,263612.000000,1909.000000,233.270000,528.000000,364518.000000,2537.000000,234.680000,235.300000,232.700000,233.240000,-2.030000,255.890000,220.000000
15:43:52,233.150000,128.000000,259010.000000,1905.000000,233.180000,159.000000,366469.000000,2548.000000,234.680000,235.300000,232.700000,233.180000,-2.090000,255.890000,220.000000
15:44:52,233.060000,50.000000,252387.000000,1906.000000,233.100000,602.000000,366951.000000,2549.000000,234.680000,235.300000,232.700000,233.090000,-2.180000,255.890000,220.000000
15:45:52,233.260000,106.000000,259307.000000,1926.000000,233.300000,778.000000,362368.000000,2525.000000,234.680000,235.300000,232.700000,233.300000,-1.970000,255.890000,220.000000
15:46:52,233.020000,120.000000,253776.000000,1917.000000,233.090000,310.000000,367030.000000,2558.000000,234.680000,235.300000,232.700000,233.020000,-2.250000,255.890000,220.000000
15:47:52,233.050000,111.000000,255113.000000,1929.000000,233.070000,244.000000,369065.000000,2570.000000,234.680000,235.300000,232.700000,233.070000,-2.200000,255.890000,220.000000
15:48:52,233.000000,567.000000,254613.000000,1912.000000,233.010000,93.000000,369230.000000,2573.000000,234.680000,235.300000,232.700000,233.000000,-2.270000,255.890000,220.000000
15:49:52,232.860000,93.000000,252860.000000,1928.000000,232.920000,300.000000,368360.000000,2574.000000,234.680000,235.300000,232.700000,232.860000,-2.410000,255.890000,220.000000
15:50:52,232.760000,250.000000,248815.000000,1901.000000,232.830000,128.000000,368769.000000,2591.000000,234.680000,235.300000,232.700000,232.830000,-2.440000,255.890000,220.000000
15:51:52,232.760000,100.000000,250596.000000,1900.000000,232.800000,243.000000,369762.000000,2596.000000,234.680000,235.300000,232.700000,232.800000,-2.470000,255.890000,220.000000
15:52:52,232.750000,117.000000,249374.000000,1908.000000,232.770000,528.000000,371227.000000,2601.000000,234.680000,235.300000,232.700000,232.770000,-2.500000,255.890000,220.000000
15:53:52,232.780000,5.000000,250594.000000,1924.000000,232.790000,315.000000,371525.000000,2596.000000,234.680000,235.300000,232.700000,232.790000,-2.480000,255.890000,220.000000
15:54:52,232.710000,156.000000,249052.000000,1896.000000,232.720000,115.000000,374580.000000,2627.000000,234.680000,235.300000,232.700000,232.720000,-2.550000,255.890000,220.000000
15:55:52,232.650000,150.000000,207870.000000,1550.000000,232.700000,980.000000,369314.000000,2588.000000,234.680000,235.300000,232.250000,232.650000,-2.620000,255.890000,220.000000
15:56:52,232.840000,1074.000000,216423.000000,1578.000000,232.930000,400.000000,364951.000000,2581.000000,234.680000,235.300000,232.250000,232.840000,-2.430000,255.890000,220.000000
15:57:52,232.800000,177.000000,216522.000000,1605.000000,232.850000,813.000000,367869.000000,2587.000000,234.680000,235.300000,232.250000,232.800000,-2.470000,255.890000,220.000000
15:58:52,232.860000,25.000000,217174.000000,1629.000000,232.890000,100.000000,366344.000000,2576.000000,234.680000,235.300000,232.250000,232.880000,-2.390000,255.890000,220.000000
15:59:52,232.900000,202.000000,219127.000000,1639.000000,232.960000,300.000000,365412.000000,2575.000000,234.680000,235.300000,232.250000,232.900000,-2.370000,255.890000,220.000000
16:00:52,232.600000,155.000000,214913.000000,1599.000000,232.650000,275.000000,375307.000000,2625.000000,234.680000,235.300000,232.250000,232.600000,-2.670000,255.890000,220.000000
16:01:52,232.700000,81.000000,214325.000000,1605.000000,232.770000,25.000000,367083.000000,2588.000000,234.680000,235.300000,232.250000,232.680000,-2.590000,255.890000,220.000000
16:02:53,232.680000,25.000000,215972.000000,1613.000000,232.740000,98.000000,371296.000000,2627.000000,234.680000,235.300000,232.250000,232.740000,-2.530000,255.890000,220.000000
16:03:53,232.980000,521.000000,217876.000000,1638.000000,232.990000,49.000000,363895.000000,2580.000000,234.680000,235.300000,232.250000,233.000000,-2.270000,255.890000,220.000000
16:04:53,233.150000,254.000000,224051.000000,1668.000000,233.180000,99.000000,360426.000000,2549.000000,234.680000,235.300000,232.250000,233.180000,-2.090000,255.890000,220.000000
16:05:53,233.250000,316.000000,224988.000000,1675.000000,233.290000,250.000000,355278.000000,2522.000000,234.680000,235.300000,232.250000,233.300000,-1.970000,255.890000,220.000000
16:06:53,233.250000,140.000000,224432.000000,1676.000000,233.300000,2963.000000,355973.000000,2543.000000,234.680000,235.300000,232.250000,233.300000,-1.970000,255.890000,220.000000
16:07:53,233.150000,100.000000,222705.000000,1662.000000,233.200000,250.000000,358521.000000,2579.000000,234.680000,235.300000,232.250000,233.230000,-2.040000,255.890000,220.000000
16:08:53,233.100000,50.000000,223550.000000,1664.000000,233.160000,80.000000,364974.000000,2608.000000,234.680000,235.300000,232.250000,233.130000,-2.140000,255.890000,220.000000
16:09:53,233.100000,58.000000,223597.000000,1670.000000,233.120000,8.000000,362309.000000,2609.000000,234.680000,235.300000,232.250000,233.120000,-2.150000,255.890000,220.000000
16:10:53,233.100000,286.000000,225401.000000,1680.000000,233.170000,405.000000,365218.000000,2624.000000,234.680000,235.300000,232.250000,233.160000,-2.110000,255.890000,220.000000
16:11:53,233.160000,151.000000,227330.000000,1702.000000,233.220000,522.000000,360619.000000,2604.000000,234.680000,235.300000,232.250000,233.220000,-2.050000,255.890000,220.000000
16:12:53,233.110000,500.000000,228743.000000,1701.000000,233.180000,250.000000,365195.000000,2627.000000,234.680000,235.300000,232.250000,233.180000,-2.090000,255.890000,220.000000
16:13:53,233.110000,392.000000,229417.000000,1714.000000,233.160000,85.000000,365813.000000,2628.000000,234.680000,235.300000,232.250000,233.170000,-2.100000,255.890000,220.000000
16:14:53,233.150000,133.000000,228770.000000,1717.000000,233.190000,213.000000,366813.000000,2623.000000,234.680000,235.300000,232.250000,233.150000,-2.120000,255.890000,220.000000
16:15:53,233.250000,225.000000,230266.000000,1731.000000,233.280000,365.000000,360724.000000,2595.000000,234.680000,235.300000,232.250000,233.280000,-1.990000,255.890000,220.000000
16:16:53,233.190000,321.000000,230210.000000,1731.000000,233.240000,85.000000,360094.000000,2579.000000,234.680000,235.300000,232.250000,233.190000,-2.080000,255.890000,220.000000
16:17:53,233.250000,470.000000,232351.000000,1752.000000,233.300000,354.000000,355738.000000,2579.000000,234.680000,235.300000,232.250000,233.300000,-1.970000,255.890000,220.000000
16:18:53,233.260000,250.000000,230385.000000,1737.000000,233.280000,40.000000,356186.000000,2595.000000,234.680000,235.300000,232.250000,233.280000,-1.990000,255.890000,220.000000
16:19:53,233.460000,240.000000,232153.000000,1746.000000,233.470000,50.000000,353866.000000,2510.000000,234.680000,235.300000,232.250000,233.520000,-1.750000,255.890000,220.000000
16:20:53,233.610000,250.000000,233101.000000,1776.000000,233.660000,531.000000,349110.000000,2475.000000,234.680000,235.300000,232.250000,233.660000,-1.610000,255.890000,220.000000
16:21:53,233.800000,985.000000,234730.000000,1791.000000,233.850000,600.000000,336134.000000,2447.000000,234.680000,235.300000,232.250000,233.840000,-1.430000,255.890000,220.000000
16:22:53,233.720000,298.000000,230617.000000,1770.000000,233.760000,50.000000,340478.000000,2500.000000,234.680000,235.300000,232.250000,233.730000,-1.540000,255.890000,220.000000
16:23:53,233.690000,665.000000,229952.000000,1773.000000,233.740000,197.000000,340368.000000,2490.000000,234.680000,235.300000,232.250000,233.740000,-1.530000,255.890000,220.000000
16:24:53,233.590000,250.000000,229591.000000,1764.000000,233.680000,67.000000,345033.000000,2527.000000,234.680000,235.300000,232.250000,233.600000,-1.670000,255.890000,220.000000
16:25:53,233.590000,413.000000,232266.000000,1788.000000,233.660000,150.000000,347914.000000,2511.000000,234.680000,235.300000,232.250000,233.580000,-1.690000,255.890000,220.000000
16:26:53,233.510000,311.000000,230267.000000,1769.000000,233.580000,469.000000,349079.000000,2542.000000,234.680000,235.300000,232.250000,233.580000,-1.690000,255.890000,220.000000
16:27:53,233.480000,50.000000,230376.000000,1765.000000,233.580000,52.000000,350077.000000,2536.000000,234.680000,235.300000,232.250000,233.580000,-1.690000,255.890000,220.000000
16:28:53,233.310000,5.000000,230532.000000,1763.000000,233.350000,79.000000,350565.000000,2538.000000,234.680000,235.300000,232.250000,233.350000,-1.920000,255.890000,220.000000
16:29:54,233.290000,303.000000,231593.000000,1759.000000,233.300000,193.000000,351945.000000,2543.000000,234.680000,235.300000,232.250000,233.300000,-1.970000,255.890000,220.000000
16:30:54,233.230000,315.000000,233142.000000,1775.000000,233.260000,199.000000,350017.000000,2548.000000,234.680000,235.300000,232.250000,233.260000,-2.010000,255.890000,220.000000
16:31:54,233.400000,10.000000,237277.000000,1811.000000,233.430000,242.000000,347730.000000,2534.000000,234.680000,235.300000,232.250000,233.440000,-1.830000,255.890000,220.000000
16:32:54,233.560000,1.000000,239003.000000,1822.000000,233.600000,300.000000,344498.000000,2522.000000,234.680000,235.300000,232.250000,233.610000,-1.660000,255.890000,220.000000
16:33:54,233.530000,91.000000,239365.000000,1828.000000,233.590000,300.000000,351712.000000,2536.000000,234.680000,235.300000,232.250000,233.590000,-1.680000,255.890000,220.000000
16:34:54,233.550000,46.000000,238457.000000,1828.000000,233.570000,350.000000,354771.000000,2547.000000,234.680000,235.300000,232.250000,233.600000,-1.670000,255.890000,220.000000
16:35:54,233.510000,89.000000,236889.000000,1826.000000,233.570000,373.000000,356596.000000,2554.000000,234.680000,235.300000,232.250000,233.510000,-1.760000,255.890000,220.000000
16:36:54,233.460000,90.000000,237618.000000,1827.000000,233.540000,300.000000,358650.000000,2548.000000,234.680000,235.300000,232.250000,233.480000,-1.790000,255.890000,220.000000
16:37:54,233.420000,10.000000,235488.000000,1816.000000,233.470000,50.000000,362972.000000,2576.000000,234.680000,235.300000,232.250000,233.470000,-1.800000,255.890000,220.000000
16:38:54,233.490000,124.000000,239322.000000,1838.000000,233.570000,200.000000,358128.000000,2543.000000,234.680000,235.300000,232.250000,233.520000,-1.750000,255.890000,220.000000
16:39:54,233.470000,300.000000,236791.000000,1823.000000,233.540000,64.000000,360995.000000,2572.000000,234.680000,235.300000,232.250000,233.460000,-1.810000,255.890000,220.000000
16:40:54,233.640000,495.000000,243001.000000,1857.000000,233.660000,222.000000,354972.000000,2536.000000,234.680000,235.300000,232.250000,233.640000,-1.630000,255.890000,220.000000
16:41:54,233.640000,100.000000,241571.000000,1837.000000,233.700000,300.000000,360129.000000,2559.000000,234.680000,235.300000,232.250000,233.700000,-1.570000,255.890000,220.000000
16:42:54,233.570000,466.000000,241802.000000,1843.000000,233.640000,400.000000,360468.000000,2563.000000,234.680000,235.300000,232.250000,233.640000,-1.630000,255.890000,220.000000
16:43:54,233.550000,142.000000,240960.000000,1852.000000,233.580000,474.000000,362948.000000,2569.000000,234.680000,235.300000,232.250000,233.580000,-1.690000,255.890000,220.000000
16:44:54,233.360000,1.000000,238270.000000,1825.000000,233.370000,164.000000,368979.000000,2601.000000,234.680000,235.300000,232.250000,233.370000,-1.900000,255.890000,220.000000
16:45:54,233.370000,200.000000,242294.000000,1845.000000,233.380000,135.000000,373030.000000,2582.000000,234.680000,235.300000,232.250000,233.380000,-1.890000,255.890000,220.000000
16:46:54,233.550000,45.000000,242773.000000,1858.000000,233.580000,50.000000,369473.000000,2556.000000,234.680000,235.300000,232.250000,233.630000,-1.640000,255.890000,220.000000
16:47:54,233.430000,417.000000,242138.000000,1842.000000,233.450000,297.000000,375422.000000,2602.000000,234.680000,235.300000,232.250000,233.450000,-1.820000,255.890000,220.000000
16:48:54,233.490000,651.000000,245446.000000,1869.000000,233.520000,159.000000,371877.000000,2576.000000,234.680000,235.300000,232.250000,233.520000,-1.750000,255.890000,220.000000
16:49:54,233.470000,506.000000,244860.000000,1866.000000,233.500000,50.000000,372629.000000,2585.000000,234.680000,235.300000,232.250000,233.520000,-1.750000,255.890000,220.000000
16:50:54,233.450000,50.000000,243312.000000,1860.000000,233.500000,100.000000,376573.000000,2585.000000,234.680000,235.300000,232.250000,233.500000,-1.770000,255.890000,220.000000
16:51:54,233.550000,179.000000,248514.000000,1904.000000,233.620000,300.000000,373163.000000,2566.000000,234.680000,235.300000,232.250000,233.630000,-1.640000,255.890000,220.000000
16:52:55,233.570000,98.000000,248836.000000,1896.000000,233.630000,503.000000,373671.000000,2577.000000,234.680000,235.300000,232.250000,233.610000,-1.660000,255.890000,220.000000
16:53:55,233.540000,474.000000,249199.000000,1897.000000,233.560000,197.000000,372644.000000,2574.000000,234.680000,235.300000,232.250000,233.560000,-1.710000,255.890000,220.000000
16:54:55,233.500000,10.000000,246683.000000,1884.000000,233.530000,300.000000,373623.000000,2583.000000,234.680000,235.300000,232.250000,233.520000,-1.750000,255.890000,220.000000
16:55:55,233.430000,305.000000,246430.000000,1877.000000,233.500000,50.000000,377859.000000,2593.000000,234.680000,235.300000,232.250000,233.430000,-1.840000,255.890000,220.000000
16:56:55,233.430000,439.000000,248113.000000,1892.000000,233.510000,717.000000,377576.000000,2586.000000,234.680000,235.300000,232.250000,233.430000,-1.840000,255.890000,220.000000
16:57:55,233.480000,488.000000,250177.000000,1909.000000,233.500000,10.000000,378929.000000,2578.000000,234.680000,235.300000,232.250000,233.510000,-1.760000,255.890000,220.000000
16:58:55,233.240000,10.000000,245062.000000,1850.000000,233.250000,323.000000,385863.000000,2619.000000,234.680000,235.300000,232.250000,233.250000,-2.020000,255.890000,220.000000
16:59:55,233.140000,799.000000,243902.000000,1832.000000,233.170000,11.000000,384621.000000,2620.000000,234.680000,235.300000,232.250000,233.170000,-2.100000,255.890000,220.000000
17:00:55,233.020000,679.000000,241764.000000,1811.000000,233.050000,555.000000,387581.000000,2622.000000,234.680000,235.300000,232.250000,233.050000,-2.220000,255.890000,220.000000
17:01:55,232.950000,913.000000,239528.000000,1784.000000,232.990000,242.000000,387932.000000,2630.000000,234.680000,235.300000,232.250000,232.990000,-2.280000,255.890000,220.000000
17:02:55,233.010000,1200.000000,245366.000000,1823.000000,233.050000,69.000000,386360.000000,2564.000000,234.680000,235.300000,232.250000,233.050000,-2.220000,255.890000,220.000000
17:03:55,233.160000,1.000000,255692.000000,1844.000000,233.190000,300.000000,385178.000000,2565.000000,234.680000,235.300000,232.250000,233.190000,-2.080000,255.890000,220.000000
17:04:55,233.240000,290.000000,260835.000000,1852.000000,233.310000,546.000000,383907.000000,2561.000000,234.680000,235.300000,232.250000,233.260000,-2.010000,255.890000,220.000000
17:05:55,233.450000,1.000000,267161.000000,1880.000000,233.490000,221.000000,379923.000000,2528.000000,234.680000,235.300000,232.250000,233.490000,-1.780000,255.890000,220.000000
17:06:55,233.420000,1.000000,262517.000000,1879.000000,233.470000,1125.000000,379264.000000,2533.000000,234.680000,235.300000,232.250000,233.430000,-1.840000,255.890000,220.000000
17:07:55,233.340000,20.000000,260881.000000,1863.000000,233.390000,375.000000,384813.000000,2564.000000,234.680000,235.300000,232.250000,233.400000,-1.870000,255.890000,220.000000
17:08:55,233.620000,920.000000,270953.000000,1934.000000,233.660000,194.000000,371347.000000,2507.000000,234.680000,235.300000,232.250000,233.660000,-1.610000,255.890000,220.000000
17:09:55,234.000000,168.000000,273019.000000,1920.000000,234.020000,191.000000,342091.000000,2367.000000,234.680000,235.300000,232.250000,234.000000,-1.270000,255.890000,220.000000
17:10:55,234.050000,1373.000000,281846.000000,1951.000000,234.090000,230.000000,340765.000000,2378.000000,234.680000,235.300000,232.250000,234.050000,-1.220000,255.890000,220.000000
17:11:55,234.020000,40.000000,276742.000000,1931.000000,234.040000,3955.000000,336551.000000,2380.000000,234.680000,235.300000,232.250000,234.040000,-1.230000,255.890000,220.000000
17:12:55,234.000000,313.000000,272553.000000,1913.000000,234.030000,500.000000,341298.000000,2408.000000,234.680000,235.300000,232.250000,234.000000,-1.270000,255.890000,220.000000
17:13:55,233.950000,1070.000000,272940.000000,1928.000000,234.010000,369.000000,344322.000000,2418.000000,234.680000,235.300000,232.250000,233.980000,-1.290000,255.890000,220.000000
17:14:55,234.070000,721.000000,278276.000000,1959.000000,234.090000,185.000000,339382.000000,2392.000000,234.680000,235.300000,232.250000,234.070000,-1.200000,255.890000,220.000000
17:15:55,234.150000,889.000000,277128.000000,1957.000000,234.190000,117.000000,339378.000000,2360.000000,234.680000,235.300000,232.250000,234.190000,-1.080000,255.890000,220.000000
17:16:56,234.100000,1211.000000,273208.000000,1947.000000,234.110000,45.000000,341040.000000,2368.000000,234.680000,235.300000,232.250000,234.100000,-1.170000,255.890000,220.000000
17:17:55,233.870000,49.000000,266576.000000,1900.000000,233.880000,331.000000,346709.000000,2411.000000,234.680000,235.300000,232.250000,233.880000,-1.390000,255.890000,220.000000
17:18:56,233.810000,577.000000,265231.000000,1906.000000,233.840000,5.000000,346187.000000,2426.000000,234.680000,235.300000,232.250000,233.800000,-1.470000,255.890000,220.000000
17:19:56,233.820000,50.000000,273823.000000,1923.000000,233.840000,50.000000,345274.000000,2408.000000,234.680000,235.300000,232.250000,233.830000,-1.440000,255.890000,220.000000
17:20:56,233.930000,250.000000,274971.000000,1940.000000,233.960000,100.000000,343030.000000,2403.000000,234.680000,235.300000,232.250000,233.960000,-1.310000,255.890000,220.000000
17:21:56,234.030000,1595.000000,282003.000000,1982.000000,234.100000,101.000000,339119.000000,2374.000000,234.680000,235.300000,232.250000,234.090000,-1.180000,255.890000,220.000000
17:22:56,234.070000,300.000000,280007.000000,1952.000000,234.150000,117.000000,337582.000000,2382.000000,234.680000,235.300000,232.250000,234.140000,-1.130000,255.890000,220.000000
17:23:56,234.020000,120.000000,280133.000000,1958.000000,234.100000,976.000000,341880.000000,2400.000000,234.680000,235.300000,232.250000,234.100000,-1.170000,255.890000,220.000000
17:24:56,233.950000,682.000000,278287.000000,1945.000000,234.020000,250.000000,343344.000000,2414.000000,234.680000,235.300000,232.250000,233.950000,-1.320000,255.890000,220.000000
17:25:56,234.040000,822.000000,281781.000000,1971.000000,234.060000,415.000000,342270.000000,2398.000000,234.680000,235.300000,232.250000,234.060000,-1.210000,255.890000,220.000000
17:26:56,233.860000,1251.000000,278036.000000,1949.000000,233.910000,300.000000,351507.000000,2422.000000,234.680000,235.300000,232.250000,233.920000,-1.350000,255.890000,220.000000
17:27:56,233.960000,1040.000000,279178.000000,1977.000000,233.990000,135.000000,345101.000000,2416.000000,234.680000,235.300000,232.250000,233.990000,-1.280000,255.890000,220.000000
