TIME,BID,BIDDEPTH,BIDDEPTHT,NUMBIDS,OFFER,OFFERDEPTH,OFFERDEPTHT,NUMOFFERS,OPEN,HIGH,LOW,LAST,CHANGE,QTY,VALUE
10:01:17,237.450000,65.000000,103812.000000,757.000000,237.550000,533.000000,156064.000000,1039.000000,237.900000,238.170000,237.400000,237.550000,0.530000,249.000000,222.280000
10:02:17,237.170000,385.000000,111462.000000,785.000000,237.270000,225.000000,176542.000000,1130.000000,237.900000,238.170000,237.130000,237.200000,0.180000,249.000000,222.280000
10:03:18,237.610000,68.000000,121141.000000,888.000000,237.700000,95.000000,174811.000000,1134.000000,237.900000,238.170000,237.130000,237.700000,0.680000,249.000000,222.280000
10:04:18,237.360000,102.000000,120539.000000,863.000000,237.430000,420.000000,197060.000000,1208.000000,237.900000,238.170000,237.130000,237.360000,0.340000,249.000000,222.280000
10:05:18,237.260000,20.000000,119143.000000,874.000000,237.320000,437.000000,207449.000000,1245.000000,237.900000,238.170000,237.130000,237.320000,0.300000,249.000000,222.280000
10:06:18,237.390000,86.000000,134330.000000,930.000000,237.460000,16.000000,220532.000000,1266.000000,237.900000,238.170000,237.130000,237.460000,0.440000,249.000000,222.280000
10:07:18,237.630000,46.000000,140376.000000,962.000000,237.670000,54.000000,216819.000000,1265.000000,237.900000,238.170000,237.130000,237.630000,0.610000,249.000000,222.280000
10:08:18,237.690000,50.000000,143607.000000,974.000000,237.730000,64.000000,224503.000000,1298.000000,237.900000,238.170000,237.130000,237.730000,0.710000,249.000000,222.280000
10:09:18,237.680000,3006.000000,145402.000000,992.000000,237.730000,223.000000,231745.000000,1325.000000,237.900000,238.170000,237.130000,237.680000,0.660000,249.000000,222.280000
10:10:18,237.720000,1.000000,142242.000000,1029.000000,237.760000,30.000000,233217.000000,1330.000000,237.900000,238.170000,237.130000,237.740000,0.720000,249.000000,222.280000
10:11:18,238.190000,96.000000,150246.000000,1068.000000,238.230000,31.000000,230350.000000,1282.000000,237.900000,238.340000,237.130000,238.230000,1.210000,249.000000,222.280000
10:12:18,238.260000,418.000000,148277.000000,1108.000000,238.330000,96.000000,231590.000000,1325.000000,237.900000,238.400000,237.130000,238.330000,1.310000,249.000000,222.280000
10:13:18,238.270000,406.000000,143699.000000,1111.000000,238.300000,647.000000,240093.000000,1362.000000,237.900000,238.440000,237.130000,238.300000,1.280000,249.000000,222.280000
10:14:18,238.210000,96.000000,157558.000000,1146.000000,238.270000,140.000000,245144.000000,1405.000000,237.900000,238.440000,237.130000,238.280000,1.260000,249.000000,222.280000
10:15:18,238.210000,32.000000,155390.000000,1170.000000,238.290000,508.000000,259019.000000,1442.000000,237.900000,238.440000,237.130000,238.280000,1.260000,249.000000,222.280000
10:16:18,238.270000,98.000000,145306.000000,1195.000000,238.290000,217.000000,266260.000000,1485.000000,237.900000,238.440000,237.130000,238.270000,1.250000,249.000000,222.280000
10:17:18,238.180000,250.000000,145974.000000,1177.000000,238.250000,235.000000,272774.000000,1521.000000,237.900000,238.440000,237.130000,238.180000,1.160000,249.000000,222.280000
10:18:18,238.170000,2370.000000,149056.000000,1177.000000,238.180000,97.000000,272128.000000,1529.000000,237.900000,238.440000,237.130000,238.180000,1.160000,249.000000,222.280000
10:19:18,238.290000,87.000000,144405.000000,1191.000000,238.330000,350.000000,266895.000000,1487.000000,237.900000,238.490000,237.130000,238.340000,1.320000,249.000000,222.280000
10:20:18,238.440000,310.000000,153202.000000,1227.000000,238.480000,503.000000,260475.000000,1474.000000,237.900000,238.500000,237.130000,238.450000,1.430000,249.000000,222.280000
10:21:18,238.330000,434.000000,144559.000000,1227.000000,238.400000,9.000000,267361.000000,1530.000000,237.900000,238.500000,237.130000,238.330000,1.310000,249.000000,222.280000
10:22:18,238.370000,376.000000,147858.000000,1242.000000,238.430000,66.000000,262866.000000,1527.000000,237.900000,238.500000,237.130000,238.430000,1.410000,249.000000,222.280000
10:23:18,238.480000,10.000000,147597.000000,1253.000000,238.520000,236.000000,266117.000000,1496.000000,237.900000,238.590000,237.130000,238.520000,1.500000,249.000000,222.280000
10:24:19,238.410000,1.000000,143279.000000,1235.000000,238.440000,250.000000,273093.000000,1577.000000,237.900000,238.590000,237.130000,238.400000,1.380000,249.000000,222.280000
10:25:18,238.300000,5.000000,143089.000000,1231.000000,238.370000,499.000000,273326.000000,1583.000000,237.900000,238.590000,237.130000,238.370000,1.350000,249.000000,222.280000
10:26:18,238.110000,75.000000,136335.000000,1216.000000,238.150000,67.000000,281205.000000,1611.000000,237.900000,238.590000,237.130000,238.150000,1.130000,249.000000,222.280000
10:27:19,237.980000,1988.000000,139668.000000,1180.000000,238.030000,140.000000,291697.000000,1650.000000,237.900000,238.590000,237.130000,237.980000,0.960000,249.000000,222.280000
10:28:19,237.910000,200.000000,127799.000000,1177.000000,237.980000,120.000000,304402.000000,1678.000000,237.900000,238.590000,237.130000,237.890000,0.870000,249.000000,222.280000
10:29:18,237.960000,260.000000,130885.000000,1223.000000,237.990000,252.000000,298291.000000,1708.000000,237.900000,238.590000,237.130000,237.990000,0.970000,249.000000,222.280000
10:30:19,238.210000,250.000000,132652.000000,1233.000000,238.290000,100.000000,283874.000000,1657.000000,237.900000,238.590000,237.130000,238.300000,1.280000,249.000000,222.280000
10:31:19,238.130000,506.000000,132701.000000,1235.000000,238.140000,121.000000,289799.000000,1690.000000,237.900000,238.590000,237.130000,238.140000,1.120000,249.000000,222.280000
10:32:19,238.190000,50.000000,137230.000000,1265.000000,238.250000,2.000000,294497.000000,1708.000000,237.900000,238.590000,237.130000,238.170000,1.150000,249.000000,222.280000
10:33:19,238.230000,143.000000,141447.000000,1286.000000,238.280000,421.000000,297932.000000,1707.000000,237.900000,238.590000,237.130000,238.280000,1.260000,249.000000,222.280000
10:34:19,238.100000,1.000000,138842.000000,1266.000000,238.170000,160.000000,301815.000000,1742.000000,237.900000,238.590000,237.130000,238.070000,1.050000,249.000000,222.280000
10:35:19,238.020000,300.000000,137472.000000,1258.000000,238.110000,425.000000,305815.000000,1769.000000,237.900000,238.590000,237.130000,238.120000,1.100000,249.000000,222.280000
10:36:19,237.900000,81.000000,129878.000000,1246.000000,237.930000,64.000000,307507.000000,1809.000000,237.900000,238.590000,237.130000,237.930000,0.910000,249.000000,222.280000
10:37:19,237.810000,69.000000,130395.000000,1247.000000,237.840000,99.000000,315215.000000,1834.000000,237.900000,238.590000,237.130000,237.840000,0.820000,249.000000,222.280000
10:38:19,237.600000,175.000000,128058.000000,1212.000000,237.610000,272.000000,318521.000000,1864.000000,237.900000,238.590000,237.130000,237.600000,0.580000,249.000000,222.280000
10:39:19,237.490000,10.000000,131703.000000,1184.000000,237.500000,16.000000,335447.000000,1883.000000,237.900000,238.590000,237.130000,237.500000,0.480000,249.000000,222.280000
10:40:19,237.440000,219.000000,138054.000000,1229.000000,237.510000,250.000000,334087.000000,1886.000000,237.900000,238.590000,237.130000,237.510000,0.490000,249.000000,222.280000
10:41:19,237.570000,71.000000,147601.000000,1259.000000,237.600000,307.000000,309926.000000,1863.000000,237.900000,238.590000,237.130000,237.610000,0.590000,249.000000,222.280000
10:42:19,237.520000,250.000000,142452.000000,1255.000000,237.590000,116.000000,331632.000000,1880.000000,237.900000,238.590000,237.130000,237.560000,0.540000,249.000000,222.280000
10:43:19,237.510000,300.000000,139639.000000,1264.000000,237.540000,140.000000,332438.000000,1893.000000,237.900000,238.590000,237.130000,237.540000,0.520000,249.000000,222.280000
10:44:19,237.490000,567.000000,138934.000000,1271.000000,237.540000,402.000000,334309.000000,1915.000000,237.900000,238.590000,237.130000,237.540000,0.520000,249.000000,222.280000
10:45:19,237.360000,300.000000,136744.000000,1243.000000,237.400000,135.000000,345976.000000,1926.000000,237.900000,238.590000,237.130000,237.400000,0.380000,249.000000,222.280000
10:46:19,237.390000,282.000000,143869.000000,1279.000000,237.400000,71.000000,347055.000000,1923.000000,237.900000,238.590000,237.130000,237.400000,0.380000,249.000000,222.280000
10:47:19,237.410000,277.000000,142180.000000,1287.000000,237.420000,300.000000,348704.000000,1944.000000,237.900000,238.590000,237.130000,237.410000,0.390000,249.000000,222.280000
10:48:19,237.310000,400.000000,141246.000000,1277.000000,237.370000,274.000000,350087.000000,1960.000000,237.900000,238.590000,237.130000,237.370000,0.350000,249.000000,222.280000
10:49:19,237.020000,645.000000,125683.000000,1178.000000,237.050000,55.000000,343684.000000,1961.000000,237.900000,238.590000,237.020000,237.050000,0.030000,249.000000,222.280000
10:50:20,236.600000,662.000000,117232.000000,1045.000000,236.640000,1.000000,363916.000000,1996.000000,237.900000,238.590000,236.600000,236.600000,-0.420000,249.000000,222.280000
10:51:19,236.720000,130.000000,142822.000000,1134.000000,236.790000,225.000000,348641.000000,1969.000000,237.900000,238.590000,236.560000,236.750000,-0.270000,252.280000,222.280000
10:52:20,235.720000,120.000000,91819.000000,837.000000,235.810000,15.000000,356350.000000,2060.000000,237.900000,238.590000,235.560000,235.810000,-1.210000,252.280000,222.280000
10:53:19,235.290000,20.000000,92695.000000,801.000000,235.330000,71.000000,357550.000000,2071.000000,237.900000,238.590000,235.220000,235.330000,-1.690000,252.280000,222.280000
10:54:20,235.150000,81.000000,110774.000000,879.000000,235.210000,40.000000,357637.000000,2078.000000,237.900000,238.590000,235.060000,235.210000,-1.810000,252.280000,222.280000
10:55:20,234.510000,54.000000,87084.000000,677.000000,234.550000,40.000000,385086.000000,2137.000000,237.900000,238.590000,234.230000,234.540000,-2.480000,252.280000,222.280000
10:56:20,234.870000,17.000000,138594.000000,909.000000,234.960000,80.000000,380514.000000,2098.000000,237.900000,238.590000,234.230000,234.880000,-2.140000,252.280000,222.280000
10:57:20,235.350000,18.000000,147586.000000,994.000000,235.370000,46.000000,344081.000000,2067.000000,237.900000,238.590000,234.230000,235.380000,-1.640000,252.280000,222.280000
10:58:20,235.290000,67.000000,148436.000000,1056.000000,235.370000,423.000000,360022.000000,2138.000000,237.900000,238.590000,234.230000,235.370000,-1.650000,252.280000,222.280000
10:59:21,235.150000,67.000000,148080.000000,1085.000000,235.260000,123.000000,359280.000000,2186.000000,237.900000,238.590000,234.230000,235.240000,-1.780000,252.280000,222.280000
11:00:20,235.130000,50.000000,148198.000000,1101.000000,235.180000,50.000000,363974.000000,2192.000000,237.900000,238.590000,234.230000,235.190000,-1.830000,252.280000,222.280000
11:01:21,235.350000,49.000000,169024.000000,1190.000000,235.390000,28.000000,362176.000000,2163.000000,237.900000,238.590000,234.230000,235.390000,-1.630000,252.280000,222.280000
11:02:21,235.290000,100.000000,163811.000000,1184.000000,235.360000,214.000000,372685.000000,2202.000000,237.900000,238.590000,234.230000,235.360000,-1.660000,252.280000,222.280000
11:03:21,235.580000,2000.000000,171465.000000,1244.000000,235.600000,217.000000,349806.000000,2162.000000,237.900000,238.590000,234.230000,235.500000,-1.520000,252.280000,222.280000
11:04:21,235.420000,514.000000,170729.000000,1258.000000,235.470000,119.000000,368728.000000,2196.000000,237.900000,238.590000,234.230000,235.500000,-1.520000,252.280000,222.280000
11:05:21,235.400000,495.000000,171591.000000,1291.000000,235.480000,199.000000,372795.000000,2231.000000,237.900000,238.590000,234.230000,235.480000,-1.540000,252.280000,222.280000
11:06:21,235.120000,77.000000,158919.000000,1245.000000,235.170000,795.000000,372340.000000,2255.000000,237.900000,238.590000,234.230000,235.170000,-1.850000,252.280000,222.280000
11:07:21,235.320000,50.000000,165708.000000,1331.000000,235.360000,4.000000,370474.000000,2212.000000,237.900000,238.590000,234.230000,235.320000,-1.700000,252.280000,222.280000
11:08:21,235.310000,76.000000,171680.000000,1348.000000,235.380000,50.000000,373355.000000,2218.000000,237.900000,238.590000,234.230000,235.400000,-1.620000,252.280000,222.280000
11:09:21,235.300000,440.000000,173238.000000,1346.000000,235.360000,50.000000,373743.000000,2247.000000,237.900000,238.590000,234.230000,235.350000,-1.670000,252.280000,222.280000
11:10:21,235.430000,1350.000000,187859.000000,1388.000000,235.530000,215.000000,368353.000000,2245.000000,237.900000,238.590000,234.230000,235.520000,-1.500000,252.280000,222.280000
11:11:21,235.460000,118.000000,188813.000000,1403.000000,235.520000,612.000000,370925.000000,2243.000000,237.900000,238.590000,234.230000,235.520000,-1.500000,252.280000,222.280000
11:12:21,235.490000,9.000000,185687.000000,1420.000000,235.550000,123.000000,372306.000000,2241.000000,237.900000,238.590000,234.230000,235.500000,-1.520000,252.280000,222.280000
11:13:21,235.420000,225.000000,184205.000000,1422.000000,235.500000,451.000000,374185.000000,2266.000000,237.900000,238.590000,234.230000,235.420000,-1.600000,252.280000,222.280000
11:14:21,235.430000,50.000000,178397.000000,1415.000000,235.500000,20.000000,374689.000000,2251.000000,237.900000,238.590000,234.230000,235.470000,-1.550000,252.280000,222.280000
11:15:21,235.270000,99.000000,176231.000000,1404.000000,235.370000,125.000000,381403.000000,2318.000000,237.900000,238.590000,234.230000,235.270000,-1.750000,252.280000,222.280000
11:16:21,234.870000,10.000000,162774.000000,1229.000000,234.910000,68.000000,385794.000000,2322.000000,237.900000,238.590000,234.230000,234.900000,-2.120000,252.280000,222.280000
11:17:21,234.750000,50.000000,177995.000000,1254.000000,234.790000,235.000000,389721.000000,2319.000000,237.900000,238.590000,234.230000,234.830000,-2.190000,252.280000,222.280000
11:18:22,234.690000,50.000000,175041.000000,1269.000000,234.730000,81.000000,392389.000000,2340.000000,237.900000,238.590000,234.230000,234.730000,-2.290000,252.280000,222.280000
11:19:22,234.950000,215.000000,174214.000000,1326.000000,235.010000,284.000000,388868.000000,2313.000000,237.900000,238.590000,234.230000,235.010000,-2.010000,252.280000,222.280000
11:20:22,235.190000,25.000000,183063.000000,1385.000000,235.250000,100.000000,401788.000000,2296.000000,237.900000,238.590000,234.230000,235.250000,-1.770000,252.280000,222.280000
11:21:22,235.220000,100.000000,184641.000000,1400.000000,235.280000,232.000000,400892.000000,2291.000000,237.900000,238.590000,234.230000,235.280000,-1.740000,252.280000,222.280000
11:22:22,235.220000,100.000000,183077.000000,1420.000000,235.300000,310.000000,403297.000000,2305.000000,237.900000,238.590000,234.230000,235.290000,-1.730000,252.280000,222.280000
11:23:22,235.140000,146.000000,182759.000000,1435.000000,235.180000,368.000000,406665.000000,2339.000000,237.900000,238.590000,234.230000,235.180000,-1.840000,252.280000,222.280000
11:24:22,235.140000,1651.000000,184905.000000,1453.000000,235.190000,507.000000,418808.000000,2363.000000,237.900000,238.590000,234.230000,235.190000,-1.830000,252.280000,222.280000
11:25:22,235.030000,102.000000,180222.000000,1430.000000,235.130000,252.000000,419589.000000,2347.000000,237.900000,238.590000,234.230000,235.130000,-1.890000,252.280000,222.280000
11:26:23,234.890000,71.000000,177163.000000,1422.000000,234.950000,133.000000,427480.000000,2367.000000,237.900000,238.590000,234.230000,234.950000,-2.070000,252.280000,222.280000
11:27:23,234.850000,15.000000,176408.000000,1425.000000,234.910000,539.000000,429273.000000,2394.000000,237.900000,238.590000,234.230000,234.910000,-2.110000,252.280000,222.280000
11:28:23,234.900000,347.000000,178067.000000,1461.000000,234.920000,356.000000,424861.000000,2366.000000,237.900000,238.590000,234.230000,234.900000,-2.120000,252.280000,222.280000
11:29:23,235.030000,134.000000,181224.000000,1493.000000,235.090000,787.000000,418608.000000,2362.000000,237.900000,238.590000,234.230000,235.090000,-1.930000,252.280000,222.280000
11:30:23,234.900000,231.000000,179883.000000,1488.000000,234.930000,143.000000,427739.000000,2410.000000,237.900000,238.590000,234.230000,234.930000,-2.090000,252.280000,222.280000
11:31:23,235.090000,86.000000,181860.000000,1516.000000,235.180000,144.000000,422222.000000,2370.000000,237.900000,238.590000,234.230000,235.120000,-1.900000,252.280000,222.280000
11:32:23,235.300000,120.000000,185722.000000,1558.000000,235.360000,390.000000,414513.000000,2339.000000,237.900000,238.590000,234.230000,235.360000,-1.660000,252.280000,222.280000
11:33:23,235.450000,200.000000,191657.000000,1598.000000,235.500000,5706.000000,412389.000000,2314.000000,237.900000,238.590000,234.230000,235.500000,-1.520000,252.280000,222.280000
11:34:23,235.850000,249.000000,187813.000000,1613.000000,235.900000,201.000000,400944.000000,2261.000000,237.900000,238.590000,234.230000,235.880000,-1.140000,252.280000,222.280000
11:35:23,235.930000,88.000000,184637.000000,1616.000000,235.990000,581.000000,405305.000000,2275.000000,237.900000,238.590000,234.230000,235.990000,-1.030000,252.280000,222.280000
11:36:23,236.050000,61.000000,186726.000000,1620.000000,236.120000,412.000000,402893.000000,2271.000000,237.900000,238.590000,234.230000,236.070000,-0.950000,252.280000,222.280000
11:37:23,236.010000,52.000000,184068.000000,1639.000000,236.040000,300.000000,408395.000000,2306.000000,237.900000,238.590000,234.230000,236.050000,-0.970000,252.280000,222.280000
11:38:23,235.820000,339.000000,180938.000000,1628.000000,235.900000,1.000000,420008.000000,2374.000000,237.900000,238.590000,234.230000,235.880000,-1.140000,252.280000,222.280000
11:39:23,235.830000,55.000000,185290.000000,1647.000000,235.900000,141.000000,418684.000000,2368.000000,237.900000,238.590000,234.230000,235.860000,-1.160000,252.280000,222.280000
11:40:23,235.820000,100.000000,185505.000000,1639.000000,235.870000,4.000000,417070.000000,2371.000000,237.900000,238.590000,234.230000,235.810000,-1.210000,252.280000,222.280000
11:41:23,235.870000,15.000000,186800.000000,1670.000000,235.910000,80.000000,417455.000000,2366.000000,237.900000,238.590000,234.230000,235.830000,-1.190000,252.280000,222.280000
11:42:23,235.750000,18.000000,182696.000000,1647.000000,235.790000,8.000000,415597.000000,2402.000000,237.900000,238.590000,234.230000,235.790000,-1.230000,252.280000,222.280000
11:43:23,235.800000,100.000000,184253.000000,1663.000000,235.840000,19.000000,415056.000000,2396.000000,237.900000,238.590000,234.230000,235.840000,-1.180000,252.280000,222.280000
11:44:23,235.800000,100.000000,185326.000000,1676.000000,235.840000,273.000000,415042.000000,2398.000000,237.900000,238.590000,234.230000,235.840000,-1.180000,252.280000,222.280000
11:45:23,235.970000,140.000000,188912.000000,1713.000000,235.990000,250.000000,410827.000000,2348.000000,237.900000,238.590000,234.230000,235.970000,-1.050000,252.280000,222.280000
11:46:23,235.760000,1.000000,183385.000000,1671.000000,235.770000,120.000000,417703.000000,2394.000000,237.900000,238.590000,234.230000,235.770000,-1.250000,252.280000,222.280000
11:47:23,235.740000,250.000000,184716.000000,1688.000000,235.820000,50.000000,417822.000000,2403.000000,237.900000,238.590000,234.230000,235.770000,-1.250000,252.280000,222.280000
11:48:24,235.990000,128.000000,191523.000000,1730.000000,236.010000,125.000000,413610.000000,2368.000000,237.900000,238.590000,234.230000,236.000000,-1.020000,252.280000,222.280000
11:49:24,236.290000,692.000000,196546.000000,1757.000000,236.330000,78.000000,401213.000000,2278.000000,237.900000,238.590000,234.230000,236.330000,-0.690000,252.280000,222.280000
11:50:23,236.390000,213.000000,194396.000000,1784.000000,236.440000,74.000000,392372.000000,2237.000000,237.900000,238.590000,234.230000,236.390000,-0.630000,252.280000,222.280000
11:51:24,236.300000,844.000000,191596.000000,1766.000000,236.330000,50.000000,396920.000000,2282.000000,237.900000,238.590000,234.230000,236.370000,-0.650000,252.280000,222.280000
11:52:24,236.450000,422.000000,202690.000000,1798.000000,236.500000,675.000000,391759.000000,2249.000000,237.900000,238.590000,234.230000,236.500000,-0.520000,252.280000,222.280000
11:53:24,236.310000,249.000000,196510.000000,1786.000000,236.370000,153.000000,399963.000000,2292.000000,237.900000,238.590000,234.230000,236.310000,-0.710000,252.280000,222.280000
11:54:24,236.410000,80.000000,199614.000000,1813.000000,236.420000,35.000000,396407.000000,2277.000000,237.900000,238.590000,234.230000,236.410000,-0.610000,252.280000,222.280000
11:55:24,236.300000,1238.000000,196119.000000,1784.000000,236.360000,300.000000,406905.000000,2295.000000,237.900000,238.590000,234.230000,236.300000,-0.720000,252.280000,222.280000
11:56:24,236.340000,300.000000,198512.000000,1807.000000,236.380000,499.000000,409456.000000,2290.000000,237.900000,238.590000,234.230000,236.380000,-0.640000,252.280000,222.280000
11:57:24,236.470000,232.000000,202959.000000,1822.000000,236.490000,121.000000,411048.000000,2283.000000,237.900000,238.590000,234.230000,236.470000,-0.550000,252.280000,222.280000
11:58:24,236.330000,1.000000,200743.000000,1811.000000,236.370000,268.000000,413549.000000,2320.000000,237.900000,238.590000,234.230000,236.320000,-0.700000,252.280000,222.280000
11:59:24,236.330000,161.000000,202865.000000,1830.000000,236.400000,171.000000,414516.000000,2323.000000,237.900000,238.590000,234.230000,236.350000,-0.670000,252.280000,222.280000
12:00:24,236.350000,100.000000,202887.000000,1833.000000,236.380000,100.000000,418914.000000,2312.000000,237.900000,238.590000,234.230000,236.350000,-0.670000,252.280000,222.280000
12:01:24,236.370000,143.000000,204108.000000,1841.000000,236.400000,20.000000,416136.000000,2323.000000,237.900000,238.590000,234.230000,236.420000,-0.600000,252.280000,222.280000
12:02:24,236.360000,38.000000,203219.000000,1839.000000,236.400000,241.000000,417149.000000,2332.000000,237.900000,238.590000,234.230000,236.400000,-0.620000,252.280000,222.280000
12:03:25,236.310000,143.000000,203241.000000,1814.000000,236.350000,95.000000,421233.000000,2346.000000,237.900000,238.590000,234.230000,236.350000,-0.670000,252.280000,222.280000
12:04:25,236.160000,1.000000,203682.000000,1794.000000,236.180000,434.000000,424878.000000,2371.000000,237.900000,238.590000,234.230000,236.180000,-0.840000,252.280000,222.280000
12:05:25,236.160000,1.000000,205083.000000,1825.000000,236.230000,369.000000,425660.000000,2373.000000,237.900000,238.590000,234.230000,236.220000,-0.800000,252.280000,222.280000
12:06:25,236.140000,120.000000,202901.000000,1820.000000,236.190000,100.000000,428173.000000,2392.000000,237.900000,238.590000,234.230000,236.160000,-0.860000,252.280000,222.280000
12:07:25,236.150000,299.000000,211387.000000,1833.000000,236.190000,1.000000,425025.000000,2383.000000,237.900000,238.590000,234.230000,236.150000,-0.870000,252.280000,222.280000
12:08:25,236.120000,166.000000,212743.000000,1841.000000,236.180000,471.000000,422949.000000,2401.000000,237.900000,238.590000,234.230000,236.180000,-0.840000,252.280000,222.280000
12:09:25,236.110000,17.000000,211336.000000,1840.000000,236.120000,1138.000000,425372.000000,2402.000000,237.900000,238.590000,234.230000,236.120000,-0.900000,252.280000,222.280000
12:10:25,236.190000,100.000000,211138.000000,1836.000000,236.290000,348.000000,422483.000000,2377.000000,237.900000,238.590000,234.230000,236.290000,-0.730000,252.280000,222.280000
12:11:25,236.900000,70.000000,217340.000000,1865.000000,236.960000,926.000000,402722.000000,2217.000000,237.900000,238.590000,234.230000,236.900000,-0.120000,252.280000,222.280000
12:12:25,237.150000,320.000000,209452.000000,1886.000000,237.180000,349.000000,383610.000000,2147.000000,237.900000,238.590000,234.230000,237.180000,0.160000,252.280000,222.280000
12:13:25,237.180000,5.000000,208037.000000,1867.000000,237.190000,456.000000,385253.000000,2163.000000,237.900000,238.590000,234.230000,237.180000,0.160000,252.280000,222.280000
12:14:25,237.150000,4.000000,205281.000000,1873.000000,237.190000,51.000000,385688.000000,2171.000000,237.900000,238.590000,234.230000,237.190000,0.170000,252.280000,222.280000
12:15:25,237.170000,295.000000,202606.000000,1874.000000,237.200000,670.000000,386360.000000,2187.000000,237.900000,238.590000,234.230000,237.190000,0.170000,252.280000,222.280000
12:16:25,237.140000,20.000000,208488.000000,1892.000000,237.180000,148.000000,385996.000000,2185.000000,237.900000,238.590000,234.230000,237.180000,0.160000,252.280000,222.280000
12:17:25,237.160000,140.000000,210763.000000,1898.000000,237.200000,528.000000,387176.000000,2192.000000,237.900000,238.590000,234.230000,237.190000,0.170000,252.280000,222.280000
12:18:25,237.170000,144.000000,213053.000000,1901.000000,237.190000,100.000000,389269.000000,2209.000000,237.900000,238.590000,234.230000,237.170000,0.150000,252.280000,222.280000
12:19:25,237.430000,355.000000,215201.000000,1898.000000,237.450000,354.000000,390281.000000,2216.000000,237.900000,238.590000,234.230000,237.450000,0.430000,252.280000,222.280000
12:20:25,237.710000,375.000000,217960.000000,1926.000000,237.770000,100.000000,347566.000000,2030.000000,237.900000,238.590000,234.230000,237.700000,0.680000,252.280000,222.280000
12:21:25,237.910000,33.000000,209126.000000,1932.000000,237.970000,250.000000,343189.000000,1977.000000,237.900000,238.590000,234.230000,237.980000,0.960000,252.280000,222.280000
12:22:26,237.820000,145.000000,214517.000000,1932.000000,237.890000,19.000000,344500.000000,1998.000000,237.900000,238.590000,234.230000,237.890000,0.870000,252.280000,222.280000
12:23:26,237.760000,119.000000,207609.000000,1957.000000,237.840000,250.000000,349003.000000,2035.000000,237.900000,238.590000,234.230000,237.760000,0.740000,252.280000,222.280000
12:24:26,237.770000,14.000000,210555.000000,1986.000000,237.830000,50.000000,347634.000000,2046.000000,237.900000,238.590000,234.230000,237.770000,0.750000,252.280000,222.280000
12:25:26,237.670000,355.000000,207934.000000,1981.000000,237.690000,100.000000,358119.000000,2107.000000,237.900000,238.590000,234.230000,237.670000,0.650000,252.280000,222.280000
12:26:26,237.790000,50.000000,212041.000000,2005.000000,237.830000,100.000000,356855.000000,2096.000000,237.900000,238.590000,234.230000,237.820000,0.800000,252.280000,222.280000
12:27:26,237.710000,165.000000,211953.000000,1978.000000,237.730000,124.000000,365048.000000,2119.000000,237.900000,238.590000,234.230000,237.710000,0.690000,252.280000,222.280000
12:28:26,237.420000,89.000000,207863.000000,1949.000000,237.470000,371.000000,366559.000000,2159.000000,237.900000,238.590000,234.230000,237.420000,0.400000,252.280000,222.280000
12:29:26,237.430000,99.000000,206735.000000,1939.000000,237.470000,94.000000,389704.000000,2202.000000,237.900000,238.590000,234.230000,237.430000,0.410000,252.280000,222.280000
12:30:26,237.480000,10.000000,209573.000000,1968.000000,237.500000,98.000000,364543.000000,2180.000000,237.900000,238.590000,234.230000,237.500000,0.480000,252.280000,222.280000
12:31:26,237.520000,26.000000,209164.000000,1968.000000,237.550000,99.000000,366580.000000,2196.000000,237.900000,238.590000,234.230000,237.550000,0.530000,252.280000,222.280000
12:32:26,237.490000,40.000000,212543.000000,1981.000000,237.550000,103.000000,368186.000000,2204.000000,237.900000,238.590000,234.230000,237.550000,0.530000,252.280000,222.280000
12:33:26,237.590000,59.000000,212600.000000,1992.000000,237.600000,50.000000,367242.000000,2201.000000,237.900000,238.590000,234.230000,237.570000,0.550000,252.280000,222.280000
12:34:26,237.720000,50.000000,217676.000000,2020.000000,237.740000,10.000000,366060.000000,2177.000000,237.900000,238.590000,234.230000,237.730000,0.710000,252.280000,222.280000
12:35:26,237.550000,73.000000,209592.000000,1981.000000,237.600000,404.000000,371184.000000,2188.000000,237.900000,238.590000,234.230000,237.600000,0.580000,252.280000,222.280000
12:36:26,237.460000,2.000000,210886.000000,1992.000000,237.520000,300.000000,370113.000000,2218.000000,237.900000,238.590000,234.230000,237.460000,0.440000,252.280000,222.280000
12:37:26,237.400000,567.000000,211953.000000,1997.000000,237.450000,206.000000,375070.000000,2236.000000,237.900000,238.590000,234.230000,237.420000,0.400000,252.280000,222.280000
12:38:26,237.280000,165.000000,220801.000000,1983.000000,237.360000,582.000000,377044.000000,2264.000000,237.900000,238.590000,234.230000,237.280000,0.260000,252.280000,222.280000
12:39:26,237.200000,79.000000,217425.000000,1981.000000,237.240000,172.000000,382608.000000,2278.000000,237.900000,238.590000,234.230000,237.200000,0.180000,252.280000,222.280000
12:40:26,237.370000,60.000000,220756.000000,2014.000000,237.400000,133.000000,373291.000000,2229.000000,237.900000,238.590000,234.230000,237.400000,0.380000,252.280000,222.280000
12:41:26,237.300000,50.000000,220710.000000,2007.000000,237.330000,9.000000,373924.000000,2247.000000,237.900000,238.590000,234.230000,237.310000,0.290000,252.280000,222.280000
12:42:26,237.260000,54.000000,220448.000000,1999.000000,237.290000,62.000000,375578.000000,2271.000000,237.900000,238.590000,234.230000,237.260000,0.240000,252.280000,222.280000
12:43:26,237.070000,200.000000,218095.000000,1975.000000,237.130000,108.000000,377602.000000,2286.000000,237.900000,238.590000,234.230000,237.120000,0.100000,252.280000,222.280000
12:44:26,236.920000,417.000000,212926.000000,1949.000000,236.990000,575.000000,383463.000000,2338.000000,237.900000,238.590000,234.230000,236.920000,-0.100000,252.280000,222.280000
12:45:26,236.890000,1350.000000,214054.000000,1951.000000,236.940000,239.000000,380710.000000,2329.000000,237.900000,238.590000,234.230000,236.940000,-0.080000,252.280000,222.280000
12:47:31,236.700000,214.000000,217078.000000,1954.000000,236.740000,145.000000,387777.000000,2347.000000,237.900000,238.590000,234.230000,236.710000,-0.310000,252.280000,222.280000
12:48:31,236.750000,1.000000,225372.000000,1962.000000,236.780000,50.000000,389692.000000,2339.000000,237.900000,238.590000,234.230000,236.720000,-0.300000,252.280000,222.280000
12:49:31,236.750000,350.000000,229497.000000,1991.000000,236.790000,194.000000,386859.000000,2326.000000,237.900000,238.590000,234.230000,236.790000,-0.230000,252.280000,222.280000
12:50:31,236.760000,2.000000,230710.000000,1999.000000,236.790000,494.000000,387448.000000,2327.000000,237.900000,238.590000,234.230000,236.790000,-0.230000,252.280000,222.280000
12:51:31,236.780000,1.000000,228802.000000,2005.000000,236.800000,6797.000000,388396.000000,2332.000000,237.900000,238.590000,234.230000,236.800000,-0.220000,252.280000,222.280000
12:52:31,236.540000,14.000000,225619.000000,1964.000000,236.600000,4931.000000,392520.000000,2356.000000,237.900000,238.590000,234.230000,236.600000,-0.420000,252.280000,222.280000
12:53:31,236.630000,259.000000,230079.000000,2002.000000,236.700000,69.000000,382976.000000,2345.000000,237.900000,238.590000,234.230000,236.630000,-0.390000,252.280000,222.280000
12:54:31,236.890000,1.000000,233534.000000,2017.000000,236.900000,149.000000,380262.000000,2311.000000,237.900000,238.590000,234.230000,236.840000,-0.180000,252.280000,222.280000
12:55:31,236.830000,564.000000,237510.000000,2028.000000,236.930000,584.000000,380731.000000,2319.000000,237.900000,238.590000,234.230000,236.830000,-0.190000,252.280000,222.280000
12:56:31,236.700000,129.000000,234253.000000,2015.000000,236.800000,100.000000,382254.000000,2328.000000,237.900000,238.590000,234.230000,236.810000,-0.210000,252.280000,222.280000
12:57:31,236.730000,100.000000,233260.000000,2003.000000,236.780000,300.000000,384471.000000,2348.000000,237.900000,238.590000,234.230000,236.720000,-0.300000,252.280000,222.280000
12:58:31,236.840000,390.000000,238336.000000,2056.000000,236.950000,375.000000,381430.000000,2323.000000,237.900000,238.590000,234.230000,236.950000,-0.070000,252.280000,222.280000
12:59:31,236.800000,425.000000,241421.000000,2041.000000,236.860000,40.000000,381477.000000,2337.000000,237.900000,238.590000,234.230000,236.810000,-0.210000,252.280000,222.280000
13:00:31,236.910000,375.000000,243805.000000,2055.000000,237.000000,98.000000,379006.000000,2323.000000,237.900000,238.590000,234.230000,236.920000,-0.100000,252.280000,222.280000
13:01:31,237.030000,17.000000,246747.000000,2069.000000,237.100000,853.000000,379482.000000,2307.000000,237.900000,238.590000,234.230000,237.100000,0.080000,252.280000,222.280000
13:02:31,237.010000,300.000000,245388.000000,2067.000000,237.100000,1092.000000,380914.000000,2318.000000,237.900000,238.590000,234.230000,237.100000,0.080000,252.280000,222.280000
13:03:31,236.850000,40.000000,238795.000000,2026.000000,236.900000,50.000000,402299.000000,2353.000000,237.900000,238.590000,234.230000,236.890000,-0.130000,252.280000,222.280000
13:04:31,236.820000,149.000000,238963.000000,2036.000000,236.870000,101.000000,405396.000000,2349.000000,237.900000,238.590000,234.230000,236.820000,-0.200000,252.280000,222.280000
13:05:31,236.820000,49.000000,238873.000000,2029.000000,236.870000,8.000000,406193.000000,2365.000000,237.900000,238.590000,234.230000,236.870000,-0.150000,252.280000,222.280000
13:06:31,236.850000,73.000000,240266.000000,2053.000000,236.890000,150.000000,406016.000000,2359.000000,237.900000,238.590000,234.230000,236.850000,-0.170000,252.280000,222.280000
13:07:31,236.750000,200.000000,236167.000000,2031.000000,236.790000,1.000000,393269.000000,2363.000000,237.900000,238.590000,234.230000,236.790000,-0.230000,252.280000,222.280000
13:08:31,236.780000,62.000000,238900.000000,2069.000000,236.860000,108.000000,384315.000000,2358.000000,237.900000,238.590000,234.230000,236.770000,-0.250000,252.280000,222.280000
13:09:31,237.040000,220.000000,243567.000000,2103.000000,237.090000,308.000000,380648.000000,2322.000000,237.900000,238.590000,234.230000,237.090000,0.070000,252.280000,222.280000
13:10:32,237.060000,822.000000,243670.000000,2104.000000,237.130000,24.000000,376034.000000,2321.000000,237.900000,238.590000,234.230000,237.150000,0.130000,252.280000,222.280000
13:11:32,237.170000,49.000000,248217.000000,2129.000000,237.200000,178.000000,373427.000000,2326.000000,237.900000,238.590000,234.230000,237.200000,0.180000,252.280000,222.280000
13:12:31,237.070000,99.000000,245051.000000,2075.000000,237.080000,100.000000,381500.000000,2363.000000,237.900000,238.590000,234.230000,237.070000,0.050000,252.280000,222.280000
13:13:32,237.030000,14.000000,244342.000000,2079.000000,237.040000,101.000000,381526.000000,2362.000000,237.900000,238.590000,234.230000,237.030000,0.010000,252.280000,222.280000
13:14:31,237.090000,405.000000,247014.000000,2106.000000,237.160000,101.000000,379789.000000,2347.000000,237.900000,238.590000,234.230000,237.090000,0.070000,252.280000,222.280000
13:15:32,237.150000,136.000000,247530.000000,2108.000000,237.170000,298.000000,380259.000000,2352.000000,237.900000,238.590000,234.230000,237.150000,0.130000,252.280000,222.280000
13:16:32,237.200000,49.000000,249170.000000,2118.000000,237.240000,153.000000,380324.000000,2343.000000,237.900000,238.590000,234.230000,237.250000,0.230000,252.280000,222.280000
13:17:32,237.180000,82.000000,246564.000000,2104.000000,237.240000,101.000000,383382.000000,2363.000000,237.900000,238.590000,234.230000,237.180000,0.160000,252.280000,222.280000
13:18:32,237.240000,80.000000,249429.000000,2124.000000,237.280000,120.000000,383099.000000,2347.000000,237.900000,238.590000,234.230000,237.240000,0.220000,252.280000,222.280000
13:19:32,237.190000,239.000000,250213.000000,2125.000000,237.270000,81.000000,383834.000000,2352.000000,237.900000,238.590000,234.230000,237.270000,0.250000,252.280000,222.280000
13:20:32,237.190000,233.000000,248696.000000,2104.000000,237.200000,64.000000,385400.000000,2365.000000,237.900000,238.590000,234.230000,237.190000,0.170000,252.280000,222.280000
13:21:32,237.000000,39.000000,245113.000000,2085.000000,237.030000,150.000000,389039.000000,2404.000000,237.900000,238.590000,234.230000,237.000000,-0.020000,252.280000,222.280000
13:22:32,236.860000,100.000000,244601.000000,2082.000000,236.950000,425.000000,389391.000000,2405.000000,237.900000,238.590000,234.230000,236.940000,-0.080000,252.280000,222.280000
13:23:32,236.870000,150.000000,243488.000000,2080.000000,236.950000,287.000000,396031.000000,2405.000000,237.900000,238.590000,234.230000,236.940000,-0.080000,252.280000,222.280000
13:24:32,236.850000,183.000000,245850.000000,2095.000000,236.920000,99.000000,389321.000000,2403.000000,237.900000,238.590000,234.230000,236.850000,-0.170000,252.280000,222.280000
13:25:32,236.890000,5.000000,246760.000000,2102.000000,236.920000,84.000000,388035.000000,2392.000000,237.900000,238.590000,234.230000,236.920000,-0.100000,252.280000,222.280000
13:26:32,236.900000,94.000000,247106.000000,2100.000000,236.950000,118.000000,388405.000000,2397.000000,237.900000,238.590000,234.230000,236.950000,-0.070000,252.280000,222.280000
13:27:32,236.740000,174.000000,243504.000000,2082.000000,236.800000,50.000000,391922.000000,2433.000000,237.900000,238.590000,234.230000,236.740000,-0.280000,252.280000,222.280000
13:28:32,236.660000,635.000000,242051.000000,2082.000000,236.700000,74.000000,394776.000000,2435.000000,237.900000,238.590000,234.230000,236.700000,-0.320000,252.280000,222.280000
13:29:32,236.680000,150.000000,240607.000000,2093.000000,236.760000,129.000000,395456.000000,2433.000000,237.900000,238.590000,234.230000,236.760000,-0.260000,252.280000,222.280000
13:30:32,236.650000,120.000000,239820.000000,2091.000000,236.680000,150.000000,413694.000000,2443.000000,237.900000,238.590000,234.230000,236.660000,-0.360000,252.280000,222.280000
13:31:33,236.660000,129.000000,240824.000000,2102.000000,236.710000,3.000000,413672.000000,2436.000000,237.900000,238.590000,234.230000,236.700000,-0.320000,252.280000,222.280000
13:32:33,236.630000,139.000000,239861.000000,2084.000000,236.670000,1052.000000,417422.000000,2450.000000,237.900000,238.590000,234.230000,236.630000,-0.390000,252.280000,222.280000
13:33:33,236.480000,188.000000,240944.000000,2049.000000,236.550000,69.000000,398631.000000,2447.000000,237.900000,238.590000,234.230000,236.520000,-0.500000,252.280000,222.280000
13:34:33,236.450000,11.000000,239205.000000,2043.000000,236.480000,475.000000,418059.000000,2451.000000,237.900000,238.590000,234.230000,236.400000,-0.620000,252.280000,222.280000
13:35:33,236.520000,60.000000,243617.000000,2101.000000,236.540000,15862.000000,411310.000000,2425.000000,237.900000,238.590000,234.230000,236.540000,-0.480000,252.280000,222.280000
13:36:33,236.440000,131.000000,242559.000000,2086.000000,236.490000,475.000000,410319.000000,2439.000000,237.900000,238.590000,234.230000,236.440000,-0.580000,252.280000,222.280000
13:37:33,236.330000,205.000000,235788.000000,2064.000000,236.400000,57.000000,408674.000000,2435.000000,237.900000,238.590000,234.230000,236.350000,-0.670000,252.280000,222.280000
13:38:33,236.290000,5.000000,237586.000000,2068.000000,236.350000,425.000000,418201.000000,2469.000000,237.900000,238.590000,234.230000,236.360000,-0.660000,252.280000,222.280000
13:39:33,236.200000,86.000000,234789.000000,2051.000000,236.210000,252.000000,420081.000000,2487.000000,237.900000,238.590000,234.230000,236.210000,-0.810000,252.280000,222.280000
13:40:33,236.130000,2.000000,235915.000000,2033.000000,236.180000,29.000000,421251.000000,2492.000000,237.900000,238.590000,234.230000,236.180000,-0.840000,252.280000,222.280000
13:41:33,236.240000,112.000000,239250.000000,2088.000000,236.340000,205.000000,416886.000000,2463.000000,237.900000,238.590000,234.230000,236.240000,-0.780000,252.280000,222.280000
13:42:33,236.380000,133.000000,242566.000000,2109.000000,236.430000,636.000000,415521.000000,2453.000000,237.900000,238.590000,234.230000,236.420000,-0.600000,252.280000,222.280000
13:43:34,236.350000,11.000000,244918.000000,2108.000000,236.360000,20.000000,417334.000000,2467.000000,237.900000,238.590000,234.230000,236.350000,-0.670000,252.280000,222.280000
13:44:34,236.470000,57.000000,248624.000000,2132.000000,236.520000,50.000000,402357.000000,2456.000000,237.900000,238.590000,234.230000,236.470000,-0.550000,252.280000,222.280000
13:45:34,236.590000,300.000000,250807.000000,2137.000000,236.620000,50.000000,400996.000000,2441.000000,237.900000,238.590000,234.230000,236.620000,-0.400000,252.280000,222.280000
13:46:34,236.510000,50.000000,249427.000000,2117.000000,236.590000,358.000000,406430.000000,2481.000000,237.900000,238.590000,234.230000,236.500000,-0.520000,252.280000,222.280000
13:47:34,236.520000,166.000000,250992.000000,2145.000000,236.600000,550.000000,406221.000000,2461.000000,237.900000,238.590000,234.230000,236.580000,-0.440000,252.280000,222.280000
13:48:34,236.590000,162.000000,250872.000000,2139.000000,236.620000,50.000000,403299.000000,2463.000000,237.900000,238.590000,234.230000,236.590000,-0.430000,252.280000,222.280000
13:49:34,236.580000,250.000000,252656.000000,2163.000000,236.670000,290.000000,403549.000000,2455.000000,237.900000,238.590000,234.230000,236.620000,-0.400000,252.280000,222.280000
13:50:34,236.570000,101.000000,250905.000000,2155.000000,236.640000,285.000000,405336.000000,2467.000000,237.900000,238.590000,234.230000,236.600000,-0.420000,252.280000,222.280000
13:51:34,236.620000,77.000000,251831.000000,2161.000000,236.640000,328.000000,405065.000000,2465.000000,237.900000,238.590000,234.230000,236.640000,-0.380000,252.280000,222.280000
13:52:34,236.580000,108.000000,251122.000000,2152.000000,236.640000,100.000000,405149.000000,2489.000000,237.900000,238.590000,234.230000,236.580000,-0.440000,252.280000,222.280000
13:53:35,236.550000,213.000000,250721.000000,2154.000000,236.600000,212.000000,407426.000000,2504.000000,237.900000,238.590000,234.230000,236.550000,-0.470000,252.280000,222.280000
13:54:35,236.610000,214.000000,251411.000000,2162.000000,236.640000,557.000000,409758.000000,2489.000000,237.900000,238.590000,234.230000,236.640000,-0.380000,252.280000,222.280000
13:55:35,236.590000,76.000000,251169.000000,2159.000000,236.600000,132.000000,409468.000000,2490.000000,237.900000,238.590000,234.230000,236.640000,-0.380000,252.280000,222.280000
13:56:35,236.610000,55.000000,250062.000000,2152.000000,236.630000,99.000000,411739.000000,2488.000000,237.900000,238.590000,234.230000,236.630000,-0.390000,252.280000,222.280000
13:57:35,236.530000,1161.000000,250786.000000,2165.000000,236.600000,483.000000,411737.000000,2485.000000,237.900000,238.590000,234.230000,236.530000,-0.490000,252.280000,222.280000
13:58:35,236.560000,150.000000,252425.000000,2183.000000,236.600000,500.000000,412028.000000,2492.000000,237.900000,238.590000,234.230000,236.590000,-0.430000,252.280000,222.280000
13:59:35,236.600000,241.000000,252375.000000,2179.000000,236.700000,426.000000,407780.000000,2469.000000,237.900000,238.590000,234.230000,236.690000,-0.330000,252.280000,222.280000
14:00:36,236.610000,555.000000,239513.000000,2090.000000,236.630000,25.000000,397771.000000,2402.000000,237.900000,238.590000,234.230000,236.630000,-0.390000,252.280000,222.280000
14:01:36,236.590000,1.000000,238529.000000,2084.000000,236.610000,1.000000,399222.000000,2419.000000,237.900000,238.590000,234.230000,236.610000,-0.410000,252.280000,222.280000
14:02:36,236.530000,853.000000,240447.000000,2090.000000,236.600000,50.000000,401121.000000,2426.000000,237.900000,238.590000,234.230000,236.600000,-0.420000,252.280000,222.280000
14:03:36,236.670000,563.000000,241809.000000,2110.000000,236.690000,118.000000,399578.000000,2414.000000,237.900000,238.590000,234.230000,236.670000,-0.350000,252.280000,222.280000
14:04:36,236.800000,259.000000,242059.000000,2103.000000,236.830000,200.000000,399933.000000,2412.000000,237.900000,238.590000,234.230000,236.800000,-0.220000,252.280000,222.280000
14:05:36,236.820000,101.000000,250741.000000,2167.000000,236.900000,250.000000,407215.000000,2475.000000,237.900000,238.590000,234.230000,236.880000,-0.140000,252.280000,222.280000
14:06:36,236.900000,25.000000,252991.000000,2182.000000,236.910000,25.000000,404142.000000,2455.000000,237.900000,238.590000,234.230000,236.870000,-0.150000,252.280000,222.280000
14:07:36,236.900000,39.000000,254645.000000,2194.000000,236.950000,50.000000,399536.000000,2435.000000,237.900000,238.590000,234.230000,236.960000,-0.060000,252.280000,222.280000
14:08:36,236.720000,50.000000,250215.000000,2170.000000,236.740000,70.000000,414950.000000,2488.000000,237.900000,238.590000,234.230000,236.690000,-0.330000,252.280000,222.280000
14:09:36,236.560000,50.000000,247363.000000,2153.000000,236.600000,2967.000000,414869.000000,2513.000000,237.900000,238.590000,234.230000,236.600000,-0.420000,252.280000,222.280000
14:10:36,236.520000,1.000000,247752.000000,2143.000000,236.590000,292.000000,416943.000000,2515.000000,237.900000,238.590000,234.230000,236.590000,-0.430000,252.280000,222.280000
14:11:36,236.450000,15.000000,245766.000000,2133.000000,236.500000,230.000000,416646.000000,2517.000000,237.900000,238.590000,234.230000,236.500000,-0.520000,252.280000,222.280000
14:12:36,236.420000,52.000000,247001.000000,2154.000000,236.460000,1155.000000,416684.000000,2517.000000,237.900000,238.590000,234.230000,236.460000,-0.560000,252.280000,222.280000
14:13:36,236.390000,460.000000,250265.000000,2166.000000,236.430000,197.000000,416936.000000,2522.000000,237.900000,238.590000,234.230000,236.390000,-0.630000,252.280000,222.280000
14:14:36,236.360000,1787.000000,250332.000000,2156.000000,236.430000,555.000000,419055.000000,2535.000000,237.900000,238.590000,234.230000,236.360000,-0.660000,252.280000,222.280000
14:15:36,236.390000,15.000000,248626.000000,2168.000000,236.450000,260.000000,417158.000000,2528.000000,237.900000,238.590000,234.230000,236.430000,-0.590000,252.280000,222.280000
14:16:36,236.290000,39.000000,246459.000000,2144.000000,236.370000,449.000000,419152.000000,2552.000000,237.900000,238.590000,234.230000,236.290000,-0.730000,252.280000,222.280000
14:17:36,236.250000,100.000000,242680.000000,2140.000000,236.300000,276.000000,418702.000000,2563.000000,237.900000,238.590000,234.230000,236.300000,-0.720000,252.280000,222.280000
14:18:36,236.240000,75.000000,242258.000000,2140.000000,236.280000,326.000000,421654.000000,2563.000000,237.900000,238.590000,234.230000,236.280000,-0.740000,252.280000,222.280000
14:19:36,236.180000,90.000000,242173.000000,2143.000000,236.240000,217.000000,421585.000000,2561.000000,237.900000,238.590000,234.230000,236.190000,-0.830000,252.280000,222.280000
14:20:36,236.170000,1.000000,235031.000000,2159.000000,236.250000,460.000000,417579.000000,2535.000000,237.900000,238.590000,234.230000,236.170000,-0.850000,252.280000,222.280000
14:21:36,236.180000,571.000000,234054.000000,2126.000000,236.280000,325.000000,418048.000000,2541.000000,237.900000,238.590000,234.230000,236.190000,-0.830000,252.280000,222.280000
14:22:36,236.240000,10.000000,233797.000000,2119.000000,236.280000,303.000000,420119.000000,2555.000000,237.900000,238.590000,234.230000,236.280000,-0.740000,252.280000,222.280000
14:23:36,236.150000,20.000000,232135.000000,2118.000000,236.190000,181.000000,421635.000000,2574.000000,237.900000,238.590000,234.230000,236.130000,-0.890000,252.280000,222.280000
14:24:37,235.990000,60.000000,228945.000000,2045.000000,236.000000,5234.000000,420338.000000,2576.000000,237.900000,238.590000,234.230000,235.990000,-1.030000,252.280000,222.280000
14:25:37,236.050000,407.000000,236669.000000,2070.000000,236.120000,217.000000,419511.000000,2567.000000,237.900000,238.590000,234.230000,236.060000,-0.960000,252.280000,222.280000
14:26:36,236.000000,790.000000,236414.000000,2083.000000,236.080000,414.000000,420644.000000,2583.000000,237.900000,238.590000,234.230000,236.000000,-1.020000,252.280000,222.280000
14:27:36,236.070000,82.000000,238880.000000,2123.000000,236.170000,325.000000,419520.000000,2574.000000,237.900000,238.590000,234.230000,236.190000,-0.830000,252.280000,222.280000
14:28:37,236.080000,691.000000,239765.000000,2127.000000,236.180000,79.000000,418227.000000,2575.000000,237.900000,238.590000,234.230000,236.080000,-0.940000,252.280000,222.280000
14:29:36,236.160000,141.000000,241782.000000,2156.000000,236.220000,197.000000,422247.000000,2577.000000,237.900000,238.590000,234.230000,236.220000,-0.800000,252.280000,222.280000
14:30:37,236.280000,1.000000,239935.000000,2155.000000,236.380000,325.000000,416566.000000,2553.000000,237.900000,238.590000,234.230000,236.380000,-0.640000,252.280000,222.280000
14:31:37,236.300000,780.000000,240357.000000,2139.000000,236.380000,319.000000,419571.000000,2567.000000,237.900000,238.590000,234.230000,236.310000,-0.710000,252.280000,222.280000
14:32:37,236.290000,475.000000,239845.000000,2138.000000,236.380000,50.000000,415313.000000,2563.000000,237.900000,238.590000,234.230000,236.340000,-0.680000,252.280000,222.280000
14:33:37,236.200000,122.000000,237063.000000,2117.000000,236.290000,239.000000,439465.000000,2572.000000,237.900000,238.590000,234.230000,236.200000,-0.820000,252.280000,222.280000
14:34:37,236.160000,40.000000,235239.000000,2108.000000,236.190000,5.000000,440413.000000,2599.000000,237.900000,238.590000,234.230000,236.190000,-0.830000,252.280000,222.280000
14:35:37,236.140000,255.000000,236073.000000,2134.000000,236.210000,39.000000,439325.000000,2584.000000,237.900000,238.590000,234.230000,236.140000,-0.880000,252.280000,222.280000
14:36:37,236.140000,12.000000,233723.000000,2108.000000,236.180000,50.000000,441800.000000,2608.000000,237.900000,238.590000,234.230000,236.140000,-0.880000,252.280000,222.280000
14:37:37,235.900000,680.000000,227831.000000,2077.000000,235.950000,1.000000,446903.000000,2638.000000,237.900000,238.590000,234.230000,235.910000,-1.110000,252.280000,222.280000
14:38:37,235.570000,218.000000,213355.000000,2009.000000,235.650000,39.000000,430796.000000,2651.000000,237.900000,238.590000,234.230000,235.570000,-1.450000,252.280000,222.280000
14:39:37,235.620000,39.000000,217775.000000,2021.000000,235.680000,219.000000,427502.000000,2640.000000,237.900000,238.590000,234.230000,235.620000,-1.400000,252.280000,222.280000
14:40:37,235.840000,38.000000,227380.000000,2065.000000,235.930000,325.000000,423609.000000,2608.000000,237.900000,238.590000,234.230000,235.940000,-1.080000,252.280000,222.280000
14:41:37,235.720000,100.000000,223746.000000,2051.000000,235.770000,40.000000,433016.000000,2648.000000,237.900000,238.590000,234.230000,235.800000,-1.220000,252.280000,222.280000
14:42:37,235.700000,240.000000,223539.000000,2067.000000,235.730000,38.000000,428193.000000,2643.000000,237.900000,238.590000,234.230000,235.730000,-1.290000,252.280000,222.280000
14:43:37,235.650000,417.000000,223066.000000,2065.000000,235.710000,380.000000,437395.000000,2659.000000,237.900000,238.590000,234.230000,235.710000,-1.310000,252.280000,222.280000
14:44:38,235.510000,299.000000,219879.000000,2006.000000,235.600000,1814.000000,428647.000000,2638.000000,237.900000,238.590000,234.230000,235.510000,-1.510000,252.280000,222.280000
14:45:38,235.620000,551.000000,222085.000000,2022.000000,235.660000,105.000000,428885.000000,2653.000000,237.900000,238.590000,234.230000,235.620000,-1.400000,252.280000,222.280000
14:46:38,235.660000,160.000000,223165.000000,2025.000000,235.730000,150.000000,440201.000000,2657.000000,237.900000,238.590000,234.230000,235.690000,-1.330000,252.280000,222.280000
14:47:38,235.660000,24.000000,222160.000000,2037.000000,235.700000,3922.000000,433506.000000,2653.000000,237.900000,238.590000,234.230000,235.660000,-1.360000,252.280000,222.280000
14:48:38,235.570000,145.000000,219502.000000,2034.000000,235.650000,225.000000,436455.000000,2686.000000,237.900000,238.590000,234.230000,235.570000,-1.450000,252.280000,222.280000
14:49:38,235.600000,305.000000,221320.000000,2055.000000,235.660000,827.000000,439557.000000,2689.000000,237.900000,238.590000,234.230000,235.620000,-1.400000,252.280000,222.280000
14:50:38,235.680000,50.000000,225276.000000,2095.000000,235.700000,3883.000000,434797.000000,2658.000000,237.900000,238.590000,234.230000,235.680000,-1.340000,252.280000,222.280000
14:51:38,235.820000,841.000000,234595.000000,2134.000000,235.860000,200.000000,430804.000000,2669.000000,237.900000,238.590000,234.230000,235.820000,-1.200000,252.280000,222.280000
14:52:38,235.910000,105.000000,236734.000000,2152.000000,235.960000,183.000000,427745.000000,2631.000000,237.900000,238.590000,234.230000,235.960000,-1.060000,252.280000,222.280000
14:53:38,235.950000,140.000000,238708.000000,2156.000000,235.980000,100.000000,424743.000000,2615.000000,237.900000,238.590000,234.230000,236.000000,-1.020000,252.280000,222.280000
14:54:38,235.880000,1100.000000,234293.000000,2131.000000,235.900000,3747.000000,429380.000000,2644.000000,237.900000,238.590000,234.230000,235.900000,-1.120000,252.280000,222.280000
14:55:38,235.800000,50.000000,234358.000000,2142.000000,235.860000,1.000000,431059.000000,2651.000000,237.900000,238.590000,234.230000,235.810000,-1.210000,252.280000,222.280000
14:56:38,235.820000,475.000000,236531.000000,2154.000000,235.880000,20.000000,431321.000000,2660.000000,237.900000,238.590000,234.230000,235.800000,-1.220000,252.280000,222.280000
14:57:38,235.860000,575.000000,237693.000000,2161.000000,235.940000,200.000000,431411.000000,2661.000000,237.900000,238.590000,234.230000,235.900000,-1.120000,252.280000,222.280000
14:58:38,235.890000,725.000000,238424.000000,2175.000000,235.970000,200.000000,430778.000000,2658.000000,237.900000,238.590000,234.230000,235.970000,-1.050000,252.280000,222.280000
14:59:38,235.970000,140.000000,239685.000000,2168.000000,236.010000,285.000000,430427.000000,2663.000000,237.900000,238.590000,234.230000,236.010000,-1.010000,252.280000,222.280000
15:00:38,235.860000,116.000000,237170.000000,2159.000000,235.910000,50.000000,441300.000000,2677.000000,237.900000,238.590000,234.230000,235.870000,-1.150000,252.280000,222.280000
15:01:38,235.860000,21.000000,239161.000000,2161.000000,235.890000,200.000000,433229.000000,2669.000000,237.900000,238.590000,234.230000,235.860000,-1.160000,252.280000,222.280000
15:02:38,235.800000,555.000000,229541.000000,2165.000000,235.850000,3406.000000,437206.000000,2664.000000,237.900000,238.590000,234.230000,235.850000,-1.170000,252.280000,222.280000
15:03:38,235.700000,1.000000,225608.000000,2151.000000,235.750000,9324.000000,443224.000000,2690.000000,237.900000,238.590000,234.230000,235.750000,-1.270000,252.280000,222.280000
15:04:38,235.690000,1041.000000,226422.000000,2147.000000,235.730000,80.000000,440649.000000,2703.000000,237.900000,238.590000,234.230000,235.730000,-1.290000,252.280000,222.280000
15:05:39,235.690000,1.000000,225340.000000,2149.000000,235.740000,5.000000,438999.000000,2684.000000,237.900000,238.590000,234.230000,235.750000,-1.270000,252.280000,222.280000
15:06:39,235.810000,105.000000,238444.000000,2192.000000,235.860000,75.000000,430803.000000,2667.000000,237.900000,238.590000,234.230000,235.810000,-1.210000,252.280000,222.280000
15:07:39,235.980000,50.000000,237604.000000,2196.000000,236.060000,120.000000,430954.000000,2663.000000,237.900000,238.590000,234.230000,236.010000,-1.010000,252.280000,222.280000
15:08:39,236.040000,100.000000,238621.000000,2204.000000,236.070000,50.000000,430030.000000,2653.000000,237.900000,238.590000,234.230000,236.040000,-0.980000,252.280000,222.280000
15:09:39,236.270000,100.000000,238700.000000,2232.000000,236.350000,560.000000,422355.000000,2609.000000,237.900000,238.590000,234.230000,236.340000,-0.680000,252.280000,222.280000
15:10:39,236.260000,941.000000,247973.000000,2225.000000,236.320000,554.000000,426106.000000,2628.000000,237.900000,238.590000,234.230000,236.320000,-0.700000,252.280000,222.280000
15:11:39,236.270000,4.000000,249132.000000,2250.000000,236.290000,40.000000,425746.000000,2632.000000,237.900000,238.590000,234.230000,236.260000,-0.760000,252.280000,222.280000
15:12:39,236.240000,70.000000,248878.000000,2236.000000,236.280000,1.000000,426446.000000,2634.000000,237.900000,238.590000,234.230000,236.310000,-0.710000,252.280000,222.280000
15:13:39,236.310000,80.000000,250018.000000,2259.000000,236.320000,38.000000,424206.000000,2624.000000,237.900000,238.590000,234.230000,236.320000,-0.700000,252.280000,222.280000
15:14:39,236.350000,170.000000,248349.000000,2258.000000,236.360000,64.000000,418925.000000,2624.000000,237.900000,238.590000,234.230000,236.350000,-0.670000,252.280000,222.280000
15:15:39,236.430000,139.000000,248746.000000,2276.000000,236.490000,50.000000,407149.000000,2591.000000,237.900000,238.590000,234.230000,236.490000,-0.530000,252.280000,222.280000
15:16:39,236.590000,103.000000,246464.000000,2241.000000,236.670000,90.000000,401736.000000,2554.000000,237.900000,238.590000,234.230000,236.590000,-0.430000,252.280000,222.280000
15:17:39,236.600000,5.000000,248167.000000,2279.000000,236.620000,6.000000,402217.000000,2570.000000,237.900000,238.590000,234.230000,236.600000,-0.420000,252.280000,222.280000
15:18:39,236.500000,348.000000,245555.000000,2271.000000,236.550000,164.000000,406640.000000,2606.000000,237.900000,238.590000,234.230000,236.500000,-0.520000,252.280000,222.280000
15:19:39,236.480000,99.000000,243420.000000,2256.000000,236.490000,144.000000,408572.000000,2617.000000,237.900000,238.590000,234.230000,236.490000,-0.530000,252.280000,222.280000
15:20:39,236.650000,24.000000,242725.000000,2287.000000,236.730000,449.000000,408095.000000,2611.000000,237.900000,238.590000,234.230000,236.730000,-0.290000,252.280000,222.280000
15:21:39,236.690000,425.000000,246394.000000,2309.000000,236.750000,30.000000,404079.000000,2590.000000,237.900000,238.590000,234.230000,236.700000,-0.320000,252.280000,222.280000
15:22:39,236.700000,500.000000,247063.000000,2315.000000,236.710000,545.000000,406036.000000,2600.000000,237.900000,238.590000,234.230000,236.710000,-0.310000,252.280000,222.280000
15:23:39,236.630000,4.000000,244854.000000,2296.000000,236.710000,250.000000,405990.000000,2618.000000,237.900000,238.590000,234.230000,236.710000,-0.310000,252.280000,222.280000
15:24:39,236.600000,482.000000,245177.000000,2298.000000,236.660000,477.000000,406565.000000,2620.000000,237.900000,238.590000,234.230000,236.600000,-0.420000,252.280000,222.280000
15:25:39,236.600000,78.000000,243563.000000,2291.000000,236.640000,399.000000,408316.000000,2639.000000,237.900000,238.590000,234.230000,236.640000,-0.380000,252.280000,222.280000
15:26:39,236.320000,40.000000,268950.000000,2264.000000,236.380000,216.000000,424485.000000,2655.000000,237.900000,238.590000,234.230000,236.380000,-0.640000,252.280000,222.280000
15:27:39,236.180000,9.000000,267971.000000,2247.000000,236.220000,250.000000,435267.000000,2657.000000,237.900000,238.590000,234.230000,236.240000,-0.780000,252.280000,222.280000
15:28:39,236.270000,250.000000,273843.000000,2280.000000,236.360000,370.000000,419267.000000,2633.000000,237.900000,238.590000,234.230000,236.360000,-0.660000,252.280000,222.280000
15:29:39,236.220000,670.000000,271137.000000,2264.000000,236.300000,90.000000,422208.000000,2656.000000,237.900000,238.590000,234.230000,236.300000,-0.720000,252.280000,222.280000
15:30:40,236.250000,187.000000,273458.000000,2252.000000,236.260000,58.000000,423420.000000,2672.000000,237.900000,238.590000,234.230000,236.250000,-0.770000,257.670000,222.280000
15:31:40,236.340000,50.000000,278284.000000,2287.000000,236.390000,807.000000,419126.000000,2649.000000,237.900000,238.590000,234.230000,236.350000,-0.670000,257.670000,222.280000
15:32:40,236.260000,260.000000,275481.000000,2268.000000,236.280000,33.000000,422868.000000,2672.000000,237.900000,238.590000,234.230000,236.280000,-0.740000,257.670000,222.280000
15:33:40,236.280000,289.000000,277747.000000,2273.000000,236.340000,1119.000000,423079.000000,2661.000000,237.900000,238.590000,234.230000,236.340000,-0.680000,257.670000,222.280000
15:34:40,236.320000,2.000000,277705.000000,2279.000000,236.350000,583.000000,421877.000000,2664.000000,237.900000,238.590000,234.230000,236.290000,-0.730000,257.670000,222.280000
15:35:40,236.480000,260.000000,280487.000000,2311.000000,236.510000,2206.000000,413760.000000,2647.000000,237.900000,238.590000,234.230000,236.510000,-0.510000,257.670000,222.280000
15:36:40,236.620000,250.000000,282190.000000,2306.000000,236.700000,359.000000,408626.000000,2637.000000,237.900000,238.590000,234.230000,236.700000,-0.320000,257.670000,222.280000
15:37:40,236.600000,310.000000,279473.000000,2292.000000,236.700000,250.000000,409109.000000,2637.000000,237.900000,238.590000,234.230000,236.700000,-0.320000,257.670000,222.280000
15:38:40,236.730000,100.000000,285843.000000,2327.000000,236.790000,694.000000,407391.000000,2630.000000,237.900000,238.590000,234.230000,236.790000,-0.230000,257.670000,222.280000
15:39:40,236.660000,260.000000,285443.000000,2320.000000,236.700000,152.000000,405325.000000,2627.000000,237.900000,238.590000,234.230000,236.660000,-0.360000,257.670000,222.280000
15:40:40,236.550000,250.000000,286039.000000,2311.000000,236.600000,4155.000000,412058.000000,2649.000000,237.900000,238.590000,234.230000,236.600000,-0.420000,257.670000,222.280000
15:41:40,236.530000,3.000000,284586.000000,2302.000000,236.580000,250.000000,413693.000000,2664.000000,237.900000,238.590000,234.230000,236.580000,-0.440000,257.670000,222.280000
15:42:40,236.730000,233.000000,291669.000000,2349.000000,236.800000,211.000000,403828.000000,2619.000000,237.900000,238.590000,234.230000,236.730000,-0.290000,257.670000,222.280000
15:43:40,236.790000,536.000000,288633.000000,2350.000000,236.800000,100.000000,399614.000000,2616.000000,237.900000,238.590000,234.230000,236.800000,-0.220000,257.670000,222.280000
15:44:40,236.820000,270.000000,287158.000000,2328.000000,236.850000,100.000000,399814.000000,2629.000000,237.900000,238.590000,234.230000,236.820000,-0.200000,257.670000,222.280000
15:45:40,237.110000,200.000000,286134.000000,2336.000000,237.120000,99.000000,391265.000000,2505.000000,237.900000,238.590000,234.230000,237.120000,0.100000,257.670000,222.280000
15:46:40,237.000000,504.000000,286676.000000,2343.000000,237.060000,124.000000,394007.000000,2538.000000,237.900000,238.590000,234.230000,237.060000,0.040000,257.670000,222.280000
15:47:40,237.180000,250.000000,295054.000000,2376.000000,237.220000,30.000000,388069.000000,2501.000000,237.900000,238.590000,234.230000,237.220000,0.200000,257.670000,222.280000
15:48:41,237.210000,100.000000,295980.000000,2368.000000,237.240000,99.000000,391826.000000,2520.000000,237.900000,238.590000,234.230000,237.210000,0.190000,257.670000,222.28000
15:50:41,237.380000,126.000000,291858.000000,2384.000000,237.400000,394.000000,387151.000000,2451.000000,237.900000,238.590000,234.230000,237.380000,0.360000,257.670000,222.280000
15:51:41,237.410000,39.000000,289682.000000,2360.000000,237.470000,250.000000,389285.000000,2423.000000,237.900000,238.590000,234.230000,237.490000,0.470000,257.670000,222.280000
15:52:41,237.500000,2.000000,290938.000000,2375.000000,237.540000,222.000000,389165.000000,2404.000000,237.900000,238.590000,234.230000,237.540000,0.520000,257.670000,222.280000
15:53:41,237.520000,40.000000,290117.000000,2378.000000,237.550000,90.000000,392540.000000,2415.000000,237.900000,238.590000,234.230000,237.550000,0.530000,257.670000,222.280000
15:54:41,237.500000,427.000000,290779.000000,2387.000000,237.510000,50.000000,394091.000000,2430.000000,237.900000,238.590000,234.230000,237.540000,0.520000,257.670000,222.280000
15:55:41,237.340000,43.000000,288100.000000,2370.000000,237.440000,563.000000,405488.000000,2471.000000,237.900000,238.590000,234.230000,237.340000,0.320000,257.670000,222.280000
15:56:41,237.330000,1.000000,287476.000000,2377.000000,237.390000,126.000000,405784.000000,2482.000000,237.900000,238.590000,234.230000,237.390000,0.370000,257.670000,222.280000
15:57:41,237.370000,57.000000,289365.000000,2395.000000,237.390000,341.000000,408302.000000,2487.000000,237.900000,238.590000,234.230000,237.370000,0.350000,257.670000,222.280000
15:58:41,237.210000,39.000000,286289.000000,2372.000000,237.250000,689.000000,419150.000000,2533.000000,237.900000,238.590000,234.230000,237.210000,0.190000,257.670000,222.280000
15:59:41,237.100000,360.000000,278255.000000,2367.000000,237.110000,100.000000,423724.000000,2527.000000,237.900000,238.590000,234.230000,237.110000,0.090000,257.670000,222.280000
16:00:41,237.230000,1.000000,286844.000000,2395.000000,237.260000,20.000000,409792.000000,2510.000000,237.900000,238.590000,234.230000,237.290000,0.270000,257.670000,222.280000
16:01:41,237.330000,100.000000,292827.000000,2421.000000,237.400000,192.000000,406100.000000,2509.000000,237.900000,238.590000,234.230000,237.320000,0.300000,257.670000,222.280000
16:02:41,237.870000,185.000000,298253.000000,2439.000000,237.890000,250.000000,391931.000000,2318.000000,237.900000,238.590000,234.230000,237.870000,0.850000,257.670000,222.280000
16:03:41,237.700000,200.000000,290325.000000,2405.000000,237.770000,50.000000,400052.000000,2382.000000,237.900000,238.590000,234.230000,237.750000,0.730000,257.670000,222.280000
16:04:41,237.720000,200.000000,293168.000000,2421.000000,237.790000,374.000000,401529.000000,2394.000000,237.900000,238.590000,234.230000,237.700000,0.680000,257.670000,222.280000
16:05:41,237.970000,620.000000,301089.000000,2456.000000,237.980000,4.000000,392328.000000,2345.000000,237.900000,238.590000,234.230000,237.980000,0.960000,257.670000,222.280000
16:06:41,237.850000,199.000000,299827.000000,2455.000000,237.900000,8425.000000,400567.000000,2281.000000,237.900000,238.590000,234.230000,237.870000,0.850000,257.670000,222.280000
16:07:41,237.920000,42.000000,298451.000000,2480.000000,237.960000,230.000000,390892.000000,2286.000000,237.900000,238.590000,234.230000,237.960000,0.940000,257.670000,222.280000
16:08:42,237.860000,350.000000,296589.000000,2463.000000,237.890000,41.000000,395112.000000,2324.000000,237.900000,238.590000,234.230000,237.890000,0.870000,257.670000,222.280000
16:09:42,237.800000,359.000000,294722.000000,2452.000000,237.870000,440.000000,402052.000000,2362.000000,237.900000,238.590000,234.230000,237.800000,0.780000,257.670000,222.280000
16:10:42,237.970000,70.000000,298015.000000,2481.000000,237.980000,2861.000000,399062.000000,2319.000000,237.900000,238.590000,234.230000,237.980000,0.960000,257.670000,222.280000
16:11:42,237.940000,775.000000,298000.000000,2488.000000,237.960000,121.000000,394865.000000,2327.000000,237.900000,238.590000,234.230000,237.960000,0.940000,257.670000,222.280000
16:12:42,237.950000,214.000000,296932.000000,2494.000000,237.980000,64.000000,399694.000000,2331.000000,237.900000,238.590000,234.230000,237.980000,0.960000,257.670000,222.280000
16:13:42,237.940000,691.000000,302645.000000,2504.000000,237.970000,290.000000,403195.000000,2343.000000,237.900000,238.590000,234.230000,237.940000,0.920000,257.670000,222.280000
16:14:42,237.950000,1.000000,298219.000000,2471.000000,237.970000,235.000000,374674.000000,2235.000000,237.900000,238.590000,234.230000,237.940000,0.920000,257.670000,222.280000
16:15:42,238.070000,10.000000,311854.000000,2507.000000,238.090000,30.000000,375459.000000,2233.000000,237.900000,238.590000,234.230000,238.100000,1.080000,257.670000,222.280000
16:16:42,238.080000,716.000000,311579.000000,2520.000000,238.100000,186.000000,375150.000000,2240.000000,237.900000,238.590000,234.230000,238.100000,1.080000,257.670000,222.280000
16:17:42,237.900000,528.000000,301483.000000,2476.000000,237.940000,400.000000,380079.000000,2290.000000,237.900000,238.590000,234.230000,237.900000,0.880000,257.670000,222.280000
16:18:42,237.860000,307.000000,300457.000000,2474.000000,237.920000,549.000000,380865.000000,2316.000000,237.900000,238.590000,234.230000,237.870000,0.850000,257.670000,222.280000
16:19:42,237.840000,60.000000,301290.000000,2493.000000,237.880000,1.000000,378639.000000,2304.000000,237.900000,238.590000,234.230000,237.870000,0.850000,257.670000,222.280000
16:20:42,237.800000,1711.000000,301379.000000,2485.000000,237.830000,5310.000000,386143.000000,2318.000000,237.900000,238.590000,234.230000,237.820000,0.800000,257.670000,222.280000
16:21:42,237.840000,600.000000,306496.000000,2483.000000,237.860000,10.000000,382867.000000,2315.000000,237.900000,238.590000,234.230000,237.860000,0.840000,257.670000,222.280000
16:22:42,237.840000,261.000000,300051.000000,2483.000000,237.870000,195.000000,384361.000000,2332.000000,237.900000,238.590000,234.230000,237.850000,0.830000,257.670000,222.280000
16:23:42,237.990000,1.000000,303658.000000,2514.000000,238.000000,767.000000,375932.000000,2294.000000,237.900000,238.590000,234.230000,238.000000,0.980000,257.670000,222.280000
16:24:42,237.990000,264.000000,303145.000000,2514.000000,238.000000,1028.000000,376896.000000,2307.000000,237.900000,238.590000,234.230000,238.000000,0.980000,257.670000,222.280000
16:25:42,238.020000,286.000000,302395.000000,2510.000000,238.040000,25.000000,373450.000000,2308.000000,237.900000,238.590000,234.230000,238.040000,1.020000,257.670000,222.280000
16:26:42,238.050000,2.000000,304184.000000,2529.000000,238.070000,1.000000,373596.000000,2300.000000,237.900000,238.590000,234.230000,238.050000,1.030000,257.670000,222.280000
16:27:42,237.900000,140.000000,300375.000000,2512.000000,237.910000,1.000000,378620.000000,2327.000000,237.900000,238.590000,234.230000,237.920000,0.900000,257.670000,222.280000
16:28:42,237.910000,75.000000,299561.000000,2510.000000,237.920000,1.000000,379511.000000,2338.000000,237.900000,238.590000,234.230000,237.910000,0.890000,257.670000,222.280000
16:29:42,237.840000,85.000000,298031.000000,2497.000000,237.850000,191.000000,380331.000000,2338.000000,237.900000,238.590000,234.230000,237.840000,0.820000,257.670000,222.280000
16:30:42,237.470000,43.000000,291456.000000,2452.000000,237.550000,375.000000,377311.000000,2367.000000,237.900000,238.590000,234.230000,237.500000,0.480000,257.670000,222.280000
16:31:42,237.430000,375.000000,298774.000000,2453.000000,237.500000,1680.000000,374936.000000,2370.000000,237.900000,238.590000,234.230000,237.500000,0.480000,257.670000,222.280000
16:32:42,237.600000,806.000000,294617.000000,2479.000000,237.650000,250.000000,368238.000000,2358.000000,237.900000,238.590000,234.230000,237.630000,0.610000,257.670000,222.280000
16:33:43,237.520000,21.000000,291778.000000,2468.000000,237.570000,225.000000,373054.000000,2375.000000,237.900000,238.590000,234.230000,237.540000,0.520000,257.670000,222.280000
16:34:43,237.480000,50.000000,289979.000000,2477.000000,237.540000,475.000000,370489.000000,2399.000000,237.900000,238.590000,234.230000,237.570000,0.550000,257.670000,222.280000
16:35:43,237.430000,50.000000,291010.000000,2478.000000,237.500000,1598.000000,372009.000000,2412.000000,237.900000,238.590000,234.230000,237.490000,0.470000,257.670000,222.280000
16:36:43,237.420000,205.000000,291369.000000,2471.000000,237.490000,80.000000,371959.000000,2438.000000,237.900000,238.590000,234.230000,237.490000,0.470000,257.670000,222.280000
16:37:43,237.220000,1.000000,289168.000000,2458.000000,237.290000,250.000000,378343.000000,2452.000000,237.900000,238.590000,234.230000,237.300000,0.280000,257.670000,222.280000
16:38:43,237.240000,250.000000,289191.000000,2454.000000,237.300000,2180.000000,376525.000000,2447.000000,237.900000,238.590000,234.230000,237.300000,0.280000,257.670000,222.280000
16:39:43,237.310000,353.000000,294727.000000,2495.000000,237.340000,412.000000,370463.000000,2433.000000,237.900000,238.590000,234.230000,237.340000,0.320000,257.670000,222.280000
16:40:43,237.240000,7.000000,293674.000000,2495.000000,237.290000,222.000000,379979.000000,2421.000000,237.900000,238.590000,234.230000,237.290000,0.270000,257.670000,222.280000
16:41:43,237.430000,747.000000,298105.000000,2517.000000,237.500000,199.000000,371400.000000,2407.000000,237.900000,238.590000,234.230000,237.500000,0.480000,257.670000,222.280000
16:42:43,237.450000,39.000000,297573.000000,2527.000000,237.490000,400.000000,368544.000000,2410.000000,237.900000,238.590000,234.230000,237.450000,0.430000,257.670000,222.280000
16:43:43,237.480000,184.000000,295647.000000,2512.000000,237.490000,404.000000,388367.000000,2420.000000,237.900000,238.590000,234.230000,237.490000,0.470000,257.670000,222.280000
16:44:43,237.600000,300.000000,298725.000000,2550.000000,237.640000,1.000000,378732.000000,2394.000000,237.900000,238.590000,234.230000,237.620000,0.600000,257.670000,222.280000
16:45:43,237.650000,100.000000,298826.000000,2541.000000,237.700000,250.000000,381745.000000,2404.000000,237.900000,238.590000,234.230000,237.680000,0.660000,257.670000,222.280000
16:46:43,237.860000,100.000000,304402.000000,2580.000000,237.890000,144.000000,376544.000000,2346.000000,237.900000,238.590000,234.230000,237.890000,0.870000,257.670000,222.280000
16:47:44,237.830000,263.000000,303994.000000,2565.000000,237.920000,325.000000,379436.000000,2342.000000,237.900000,238.590000,234.230000,237.870000,0.850000,257.670000,222.280000
16:48:44,238.120000,1668.000000,306882.000000,2582.000000,238.200000,220.000000,374081.000000,2300.000000,237.900000,238.590000,234.230000,238.120000,1.100000,257.670000,222.280000
16:49:44,238.100000,1000.000000,301750.000000,2569.000000,238.170000,250.000000,374727.000000,2242.000000,237.900000,238.590000,234.230000,238.110000,1.090000,257.670000,222.280000
16:50:43,237.950000,100.000000,295319.000000,2556.000000,238.000000,1.000000,380184.000000,2290.000000,237.900000,238.590000,234.230000,237.990000,0.970000,257.670000,222.280000
16:51:43,238.030000,112.000000,304494.000000,2598.000000,238.110000,5.000000,377950.000000,2287.000000,237.900000,238.590000,234.230000,238.030000,1.010000,257.670000,222.280000
16:52:43,237.850000,100.000000,301851.000000,2571.000000,237.930000,270.000000,382779.000000,2333.000000,237.900000,238.590000,234.230000,237.990000,0.970000,257.670000,222.280000
16:53:43,237.730000,734.000000,301606.000000,2523.000000,237.800000,262.000000,385313.000000,2358.000000,237.900000,238.590000,234.230000,237.750000,0.730000,257.670000,222.280000
16:54:43,237.810000,3.000000,306422.000000,2557.000000,237.880000,164.000000,383245.000000,2342.000000,237.900000,238.590000,234.230000,237.880000,0.860000,257.670000,222.280000
16:55:43,237.820000,164.000000,305315.000000,2538.000000,237.860000,1.000000,385539.000000,2355.000000,237.900000,238.590000,234.230000,237.840000,0.820000,257.670000,222.280000
16:56:43,237.890000,26.000000,306443.000000,2555.000000,237.940000,59.000000,376324.000000,2338.000000,237.900000,238.590000,234.230000,237.890000,0.870000,257.670000,222.280000
16:57:43,237.880000,50.000000,308509.000000,2566.000000,237.930000,78.000000,378006.000000,2349.000000,237.900000,238.590000,234.230000,237.930000,0.910000,257.670000,222.280000
16:58:43,237.910000,96.000000,308264.000000,2568.000000,237.980000,107.000000,378606.000000,2342.000000,237.900000,238.590000,234.230000,237.980000,0.960000,257.670000,222.280000
16:59:43,237.840000,1283.000000,307522.000000,2567.000000,237.900000,1.000000,379520.000000,2361.000000,237.900000,238.590000,234.230000,237.910000,0.890000,257.670000,222.280000
17:00:43,237.690000,89.000000,302401.000000,2529.000000,237.780000,25.000000,390374.000000,2390.000000,237.900000,238.590000,234.230000,237.690000,0.670000,257.670000,222.280000
17:01:44,237.560000,120.000000,300756.000000,2529.000000,237.660000,137.000000,389837.000000,2374.000000,237.900000,238.590000,234.230000,237.550000,0.530000,257.670000,222.280000
17:02:44,237.850000,85.000000,312061.000000,2574.000000,237.890000,98.000000,383779.000000,2341.000000,237.900000,238.590000,234.230000,237.890000,0.870000,257.670000,222.280000
17:03:44,237.850000,100.000000,309819.000000,2563.000000,237.860000,17.000000,385952.000000,2352.000000,237.900000,238.590000,234.230000,237.870000,0.850000,257.670000,222.280000
17:04:44,237.730000,524.000000,310634.000000,2572.000000,237.830000,281.000000,378795.000000,2357.000000,237.900000,238.590000,234.230000,237.830000,0.810000,257.670000,222.280000
17:05:44,237.850000,301.000000,314760.000000,2603.000000,237.930000,161.000000,382806.000000,2334.000000,237.900000,238.590000,234.230000,237.890000,0.870000,257.670000,222.280000
17:06:44,237.710000,29.000000,311001.000000,2551.000000,237.760000,229.000000,391058.000000,2371.000000,237.900000,238.590000,234.230000,237.710000,0.690000,257.670000,222.280000
17:07:44,237.680000,38.000000,308082.000000,2551.000000,237.710000,72.000000,392353.000000,2373.000000,237.900000,238.590000,234.230000,237.710000,0.690000,257.670000,222.280000
17:08:44,237.610000,10.000000,294765.000000,2539.000000,237.670000,250.000000,389794.000000,2397.000000,237.900000,238.590000,234.230000,237.670000,0.650000,257.670000,222.280000
17:09:44,237.660000,75.000000,297738.000000,2552.000000,237.710000,1.000000,387486.000000,2383.000000,237.900000,238.590000,234.230000,237.760000,0.740000,257.670000,222.280000
17:10:44,237.400000,50.000000,290363.000000,2492.000000,237.460000,4.000000,407514.000000,2431.000000,237.900000,238.590000,234.230000,237.450000,0.430000,257.670000,222.280000
17:11:44,237.430000,62.000000,291583.000000,2510.000000,237.500000,4899.000000,397897.000000,2398.000000,237.900000,238.590000,234.230000,237.500000,0.480000,257.670000,222.280000
17:12:44,237.340000,12.000000,288248.000000,2504.000000,237.400000,371.000000,399715.000000,2433.000000,237.900000,238.590000,234.230000,237.380000,0.360000,257.670000,222.280000
17:13:44,237.360000,50.000000,285469.000000,2503.000000,237.450000,1510.000000,395444.000000,2396.000000,237.900000,238.590000,234.230000,237.450000,0.430000,257.670000,222.280000
17:14:44,237.310000,547.000000,287198.000000,2491.000000,237.410000,180.000000,394041.000000,2415.000000,237.900000,238.590000,234.230000,237.380000,0.360000,257.670000,222.280000
17:15:44,237.380000,75.000000,288265.000000,2504.000000,237.480000,186.000000,391913.000000,2394.000000,237.900000,238.590000,234.230000,237.370000,0.350000,257.670000,222.280000
17:16:44,237.310000,96.000000,286361.000000,2479.000000,237.340000,277.000000,404788.000000,2418.000000,237.900000,238.590000,234.230000,237.310000,0.290000,257.670000,222.280000
17:17:44,237.340000,2126.000000,285962.000000,2484.000000,237.390000,563.000000,402991.000000,2416.000000,237.900000,238.590000,234.230000,237.340000,0.320000,257.670000,222.280000
17:18:44,237.280000,300.000000,283739.000000,2475.000000,237.290000,4643.000000,398712.000000,2423.000000,237.900000,238.590000,234.230000,237.290000,0.270000,257.670000,222.280000
17:19:45,237.210000,625.000000,283589.000000,2481.000000,237.280000,104.000000,398426.000000,2415.000000,237.900000,238.590000,234.230000,237.240000,0.220000,257.670000,222.280000
17:20:45,237.130000,79.000000,282741.000000,2473.000000,237.180000,224.000000,401225.000000,2425.000000,237.900000,238.590000,234.230000,237.180000,0.160000,257.670000,222.280000
17:21:45,237.060000,39.000000,277435.000000,2454.000000,237.090000,81.000000,396643.000000,2413.000000,237.900000,238.590000,234.230000,237.070000,0.050000,257.670000,222.280000
17:22:45,237.390000,39.000000,294617.000000,2468.000000,237.460000,101.000000,383626.000000,2387.000000,237.900000,238.590000,234.230000,237.400000,0.380000,257.670000,222.280000
17:23:45,237.420000,325.000000,293733.000000,2459.000000,237.510000,1182.000000,387197.000000,2399.000000,237.900000,238.590000,234.230000,237.520000,0.500000,257.670000,222.280000
17:24:45,237.600000,410.000000,289368.000000,2476.000000,237.700000,181.000000,384252.000000,2387.000000,237.900000,238.590000,234.230000,237.600000,0.580000,257.670000,222.280000
17:25:45,237.530000,132.000000,286594.000000,2452.000000,237.570000,132.000000,389208.000000,2434.000000,237.900000,238.590000,234.230000,237.530000,0.510000,257.670000,222.280000
17:26:45,237.500000,170.000000,307859.000000,2447.000000,237.590000,4.000000,389293.000000,2432.000000,237.900000,238.590000,234.230000,237.510000,0.490000,257.670000,222.280000
17:27:45,237.600000,74.000000,309883.000000,2475.000000,237.620000,1.000000,386029.000000,2409.000000,237.900000,238.590000,234.230000,237.640000,0.620000,257.670000,222.280000
