TIME,BID,BIDDEPTH,BIDDEPTHT,NUMBIDS,OFFER,OFFERDEPTH,OFFERDEPTHT,NUMOFFERS,OPEN,HIGH,LOW,LAST,CHANGE,QTY,VALUE,HIGHBID,LOWOFFER,NUMTRADES
10:20:36,238.860000,350.000000,218057.000000,2113.000000,238.890000,1.000000,420342.000000,1937.000000,240.010000,240.400000,237.410000,238.860000,-1.440000,276.860000,210.000000
10:21:36,239.280000,39.000000,248381.000000,2156.000000,239.300000,13.000000,401885.000000,1868.000000,240.010000,240.400000,237.410000,239.290000,-1.010000,276.860000,210.000000
10:22:36,239.410000,233.000000,247496.000000,2184.000000,239.510000,6.000000,400266.000000,1886.000000,240.010000,240.400000,237.410000,239.510000,-0.790000,276.860000,210.000000
10:23:36,239.410000,529.000000,307179.000000,2218.000000,239.500000,42.000000,396849.000000,1934.000000,240.010000,240.400000,237.410000,239.500000,-0.800000,276.860000,210.000000
10:24:36,239.460000,45.000000,310516.000000,2262.000000,239.500000,2.000000,400005.000000,1950.000000,240.010000,240.400000,237.410000,239.500000,-0.800000,276.860000,210.000000
10:25:36,239.440000,84.000000,310107.000000,2265.000000,239.480000,500.000000,393799.000000,1958.000000,240.010000,240.400000,237.410000,239.440000,-0.860000,276.860000,210.000000
10:26:36,239.080000,100.000000,301375.000000,2254.000000,239.120000,7.000000,400644.000000,2019.000000,240.010000,240.400000,237.410000,239.080000,-1.220000,276.860000,210.000000
10:27:36,239.110000,26.000000,305634.000000,2300.000000,239.150000,108.000000,398069.000000,2027.000000,240.010000,240.400000,237.410000,239.150000,-1.150000,276.860000,210.000000
10:28:36,238.840000,30.000000,298845.000000,2262.000000,238.870000,160.000000,405546.000000,2088.000000,240.010000,240.400000,237.410000,238.870000,-1.430000,276.860000,210.000000
10:29:36,238.860000,102.000000,299391.000000,2303.000000,238.880000,20.000000,406719.000000,2105.000000,240.010000,240.400000,237.410000,238.860000,-1.440000,276.860000,210.000000
10:30:36,238.740000,40.000000,301618.000000,2315.000000,238.800000,175.000000,402877.000000,2113.000000,240.010000,240.400000,237.410000,238.800000,-1.500000,276.860000,210.000000
10:31:36,238.720000,47.000000,297887.000000,2311.000000,238.830000,175.000000,406402.000000,2105.000000,240.010000,240.400000,237.410000,238.690000,-1.610000,276.860000,210.000000
10:32:36,238.440000,195.000000,296371.000000,2298.000000,238.500000,1342.000000,418199.000000,2124.000000,240.010000,240.400000,237.410000,238.500000,-1.800000,276.860000,210.000000
10:33:36,238.290000,20.000000,304495.000000,2382.000000,238.300000,2996.000000,416964.000000,2122.000000,240.010000,240.400000,237.410000,238.300000,-2.000000,276.860000,210.000000
10:34:37,238.370000,31.000000,304461.000000,2394.000000,238.460000,18.000000,410487.000000,2146.000000,240.010000,240.400000,237.410000,238.460000,-1.840000,276.860000,210.000000
10:35:37,238.370000,100.000000,307462.000000,2415.000000,238.440000,10.000000,414230.000000,2155.000000,240.010000,240.400000,237.410000,238.430000,-1.870000,276.860000,210.000000
10:36:37,238.540000,404.000000,312389.000000,2481.000000,238.580000,549.000000,402707.000000,2130.000000,240.010000,240.400000,237.410000,238.580000,-1.720000,276.860000,210.000000
10:37:37,238.500000,24.000000,316865.000000,2526.000000,238.580000,10.000000,405557.000000,2154.000000,240.010000,240.400000,237.410000,238.580000,-1.720000,276.860000,210.000000
10:38:37,238.590000,158.000000,318323.000000,2558.000000,238.680000,33.000000,407669.000000,2159.000000,240.010000,240.400000,237.410000,238.680000,-1.620000,276.860000,210.000000
10:39:37,238.760000,245.000000,321239.000000,2586.000000,238.850000,270.000000,403018.000000,2169.000000,240.010000,240.400000,237.410000,238.850000,-1.450000,276.860000,210.000000
10:40:37,238.900000,329.000000,322935.000000,2630.000000,238.950000,813.000000,399803.000000,2144.000000,240.010000,240.400000,237.410000,238.950000,-1.350000,276.860000,210.000000
10:41:37,238.860000,289.000000,325072.000000,2640.000000,238.900000,558.000000,403397.000000,2188.000000,240.010000,240.400000,237.410000,238.860000,-1.440000,276.860000,210.000000
10:42:37,238.680000,329.000000,322909.000000,2659.000000,238.780000,245.000000,406001.000000,2211.000000,240.010000,240.400000,237.410000,238.780000,-1.520000,276.860000,210.000000
10:43:37,238.720000,3.000000,332089.000000,2695.000000,238.790000,975.000000,408372.000000,2212.000000,240.010000,240.400000,237.410000,238.720000,-1.580000,276.860000,210.000000
10:44:37,238.550000,15.000000,333196.000000,2712.000000,238.640000,242.000000,407661.000000,2215.000000,240.010000,240.400000,237.410000,238.550000,-1.750000,276.860000,210.000000
10:45:37,238.520000,98.000000,332694.000000,2729.000000,238.590000,525.000000,412878.000000,2236.000000,240.010000,240.400000,237.410000,238.520000,-1.780000,276.860000,210.000000
10:46:37,238.500000,115.000000,334626.000000,2732.000000,238.580000,137.000000,415376.000000,2250.000000,240.010000,240.400000,237.410000,238.560000,-1.740000,276.860000,210.000000
10:47:37,238.550000,39.000000,336889.000000,2776.000000,238.650000,173.000000,413177.000000,2228.000000,240.010000,240.400000,237.410000,238.650000,-1.650000,276.860000,210.000000
10:48:37,238.300000,8.000000,331202.000000,2733.000000,238.350000,150.000000,418277.000000,2269.000000,240.010000,240.400000,237.410000,238.300000,-2.000000,276.860000,210.000000
10:49:37,237.900000,203.000000,321900.000000,2674.000000,237.950000,350.000000,418127.000000,2270.000000,240.010000,240.400000,237.410000,237.950000,-2.350000,276.860000,210.000000
10:50:37,238.270000,92.000000,330116.000000,2366.000000,238.370000,191.000000,416493.000000,2262.000000,240.010000,240.400000,237.410000,238.370000,-1.930000,276.860000,210.000000
10:51:37,238.510000,39.000000,326741.000000,2393.000000,238.590000,174.000000,419490.000000,2275.000000,240.010000,240.400000,237.410000,238.590000,-1.710000,276.860000,210.000000
10:52:37,238.300000,1.000000,323280.000000,2420.000000,238.350000,189.000000,425008.000000,2297.000000,240.010000,240.400000,237.410000,238.350000,-1.950000,276.860000,210.000000
10:53:37,238.270000,352.000000,325042.000000,2446.000000,238.290000,400.000000,427818.000000,2299.000000,240.010000,240.400000,237.410000,238.290000,-2.010000,276.860000,210.000000
10:54:37,238.030000,2.000000,320277.000000,2420.000000,238.080000,100.000000,431484.000000,2330.000000,240.010000,240.400000,237.410000,238.060000,-2.240000,276.860000,210.000000
10:55:37,238.200000,100.000000,321324.000000,2481.000000,238.290000,22.000000,428890.000000,2307.000000,240.010000,240.400000,237.410000,238.270000,-2.030000,276.860000,210.000000
10:56:38,238.060000,175.000000,320688.000000,2498.000000,238.110000,150.000000,431362.000000,2320.000000,240.010000,240.400000,237.410000,238.110000,-2.190000,276.860000,210.000000
10:57:38,238.130000,794.000000,322940.000000,2524.000000,238.150000,100.000000,433212.000000,2335.000000,240.010000,240.400000,237.410000,238.150000,-2.150000,276.860000,210.000000
10:58:38,238.510000,43.000000,328916.000000,2592.000000,238.560000,10.000000,422441.000000,2294.000000,240.010000,240.400000,237.410000,238.500000,-1.800000,276.860000,210.000000
10:59:38,238.430000,100.000000,329805.000000,2601.000000,238.450000,400.000000,422740.000000,2317.000000,240.010000,240.400000,237.410000,238.430000,-1.870000,276.860000,210.000000
11:00:37,238.660000,81.000000,338110.000000,2643.000000,238.740000,87.000000,420091.000000,2310.000000,240.010000,240.400000,237.410000,238.740000,-1.560000,276.860000,210.000000
11:01:38,238.520000,157.000000,333787.000000,2646.000000,238.590000,100.000000,424358.000000,2320.000000,240.010000,240.400000,237.410000,238.580000,-1.720000,276.860000,210.000000
11:02:38,238.520000,362.000000,335392.000000,2673.000000,238.550000,191.000000,430458.000000,2321.000000,240.010000,240.400000,237.410000,238.550000,-1.750000,276.860000,210.000000
11:03:38,238.390000,406.000000,333692.000000,2678.000000,238.410000,300.000000,433986.000000,2334.000000,240.010000,240.400000,237.410000,238.420000,-1.880000,276.860000,210.000000
11:04:38,238.400000,37.000000,333172.000000,2689.000000,238.470000,72.000000,432704.000000,2323.000000,240.010000,240.400000,237.410000,238.400000,-1.900000,276.860000,210.000000
11:05:38,238.360000,45.000000,335509.000000,2710.000000,238.470000,100.000000,433764.000000,2338.000000,240.010000,240.400000,237.410000,238.470000,-1.830000,276.860000,210.000000
11:06:38,238.360000,175.000000,336855.000000,2733.000000,238.390000,1.000000,436766.000000,2351.000000,240.010000,240.400000,237.410000,238.400000,-1.900000,276.860000,210.000000
11:07:37,238.320000,369.000000,335414.000000,2755.000000,238.430000,718.000000,437726.000000,2361.000000,240.010000,240.400000,237.410000,238.430000,-1.870000,276.860000,210.000000
11:08:38,238.440000,225.000000,333500.000000,2778.000000,238.480000,93.000000,435899.000000,2349.000000,240.010000,240.400000,237.410000,238.480000,-1.820000,276.860000,210.000000
11:09:38,238.580000,29.000000,334718.000000,2804.000000,238.650000,152.000000,432089.000000,2339.000000,240.010000,240.400000,237.410000,238.580000,-1.720000,276.860000,210.000000
11:10:38,238.500000,460.000000,336484.000000,2815.000000,238.520000,29.000000,435683.000000,2369.000000,240.010000,240.400000,237.410000,238.520000,-1.780000,276.860000,210.000000
11:11:38,238.380000,100.000000,334424.000000,2799.000000,238.440000,100.000000,439747.000000,2385.000000,240.010000,240.400000,237.410000,238.380000,-1.920000,276.860000,210.000000
11:12:39,238.330000,175.000000,337383.000000,2816.000000,238.390000,100.000000,441960.000000,2393.000000,240.010000,240.400000,237.410000,238.370000,-1.930000,276.860000,210.000000
11:13:38,238.320000,95.000000,336251.000000,2835.000000,238.370000,100.000000,444445.000000,2419.000000,240.010000,240.400000,237.410000,238.370000,-1.930000,276.860000,210.000000
11:14:39,238.330000,301.000000,338803.000000,2852.000000,238.370000,238.000000,445693.000000,2438.000000,240.010000,240.400000,237.410000,238.370000,-1.930000,276.860000,210.000000
11:15:39,238.400000,186.000000,338130.000000,2859.000000,238.500000,471.000000,438179.000000,2389.000000,240.010000,240.400000,237.410000,238.430000,-1.870000,276.860000,210.000000
11:16:39,238.150000,46.000000,335377.000000,2815.000000,238.190000,100.000000,446576.000000,2416.000000,240.010000,240.400000,237.410000,238.150000,-2.150000,276.860000,210.000000
11:17:38,238.170000,90.000000,334069.000000,2824.000000,238.220000,100.000000,446057.000000,2437.000000,240.010000,240.400000,237.410000,238.260000,-2.040000,276.860000,210.000000
11:18:39,238.200000,300.000000,335563.000000,2839.000000,238.240000,500.000000,446900.000000,2432.000000,240.010000,240.400000,237.410000,238.230000,-2.070000,276.860000,210.000000
11:19:39,238.220000,230.000000,338811.000000,2868.000000,238.290000,148.000000,443787.000000,2414.000000,240.010000,240.400000,237.410000,238.220000,-2.080000,276.860000,210.000000
11:20:39,238.170000,20.000000,336487.000000,2867.000000,238.230000,162.000000,442740.000000,2443.000000,240.010000,240.400000,237.410000,238.230000,-2.070000,276.860000,210.000000
11:21:39,238.070000,143.000000,335574.000000,2735.000000,238.140000,346.000000,442052.000000,2451.000000,240.010000,240.400000,237.410000,238.140000,-2.160000,276.860000,210.000000
11:22:39,238.100000,31.000000,336620.000000,2738.000000,238.120000,400.000000,443885.000000,2475.000000,240.010000,240.400000,237.410000,238.100000,-2.200000,276.860000,210.000000
11:23:39,238.070000,35.000000,334609.000000,2750.000000,238.110000,100.000000,446808.000000,2490.000000,240.010000,240.400000,237.410000,238.070000,-2.230000,276.860000,210.000000
11:24:39,238.000000,178.000000,333669.000000,2741.000000,238.040000,400.000000,451714.000000,2500.000000,240.010000,240.400000,237.410000,238.000000,-2.300000,276.860000,210.000000
11:25:39,238.060000,94.000000,334528.000000,2769.000000,238.100000,400.000000,449924.000000,2491.000000,240.010000,240.400000,237.410000,238.100000,-2.200000,276.860000,210.000000
11:26:39,238.020000,257.000000,334341.000000,2779.000000,238.080000,100.000000,452090.000000,2495.000000,240.010000,240.400000,237.410000,238.080000,-2.220000,276.860000,210.000000
11:27:39,238.060000,130.000000,335291.000000,2786.000000,238.090000,309.000000,451741.000000,2499.000000,240.010000,240.400000,237.410000,238.090000,-2.210000,276.860000,210.000000
11:28:39,238.080000,200.000000,337313.000000,2809.000000,238.140000,862.000000,454475.000000,2487.000000,240.010000,240.400000,237.410000,238.100000,-2.200000,276.860000,210.000000
11:29:39,238.100000,62.000000,336789.000000,2820.000000,238.120000,100.000000,456697.000000,2487.000000,240.010000,240.400000,237.410000,238.140000,-2.160000,276.860000,210.000000
11:30:39,238.280000,50.000000,340450.000000,2865.000000,238.300000,210.000000,451769.000000,2459.000000,240.010000,240.400000,237.410000,238.300000,-2.000000,276.860000,210.000000
11:31:39,238.140000,175.000000,339457.000000,2884.000000,238.210000,400.000000,453952.000000,2489.000000,240.010000,240.400000,237.410000,238.210000,-2.090000,276.860000,210.000000
11:32:40,238.260000,105.000000,341766.000000,2928.000000,238.340000,372.000000,454777.000000,2487.000000,240.010000,240.400000,237.410000,238.350000,-1.950000,276.860000,210.000000
11:33:40,238.270000,400.000000,340298.000000,2953.000000,238.310000,140.000000,456466.000000,2488.000000,240.010000,240.400000,237.410000,238.310000,-1.990000,276.860000,210.000000
11:34:40,238.790000,92.000000,347285.000000,3020.000000,238.830000,100.000000,445025.000000,2384.000000,240.010000,240.400000,237.410000,238.790000,-1.510000,276.860000,210.000000
11:35:40,238.470000,41.000000,351133.000000,3054.000000,238.570000,383.000000,450930.000000,2424.000000,240.010000,240.400000,237.410000,238.540000,-1.760000,276.860000,210.000000
11:36:40,238.320000,175.000000,349148.000000,3072.000000,238.440000,100.000000,456884.000000,2442.000000,240.010000,240.400000,237.410000,238.330000,-1.970000,276.860000,210.000000
11:37:40,238.230000,535.000000,348156.000000,3091.000000,238.300000,100.000000,459398.000000,2457.000000,240.010000,240.400000,237.410000,238.300000,-2.000000,276.860000,210.000000
11:38:40,238.310000,314.000000,349111.000000,3120.000000,238.340000,322.000000,459964.000000,2465.000000,240.010000,240.400000,237.410000,238.310000,-1.990000,276.860000,210.000000
11:39:40,238.560000,160.000000,348585.000000,3137.000000,238.570000,100.000000,455712.000000,2457.000000,240.010000,240.400000,237.410000,238.560000,-1.740000,276.860000,210.000000
11:40:40,238.400000,175.000000,349561.000000,3165.000000,238.480000,500.000000,460482.000000,2496.000000,240.010000,240.400000,237.410000,238.460000,-1.840000,276.860000,210.000000
11:41:40,238.610000,43.000000,349292.000000,3214.000000,238.680000,55.000000,469372.000000,2462.000000,240.010000,240.400000,237.410000,238.680000,-1.620000,276.860000,210.000000
11:42:40,238.620000,198.000000,350067.000000,3229.000000,238.680000,400.000000,471767.000000,2461.000000,240.010000,240.400000,237.410000,238.680000,-1.620000,276.860000,210.000000
11:43:40,238.620000,27.000000,351823.000000,3225.000000,238.640000,100.000000,476691.000000,2474.000000,240.010000,240.400000,237.410000,238.660000,-1.640000,276.860000,210.000000
11:44:40,238.530000,534.000000,350765.000000,3216.000000,238.560000,100.000000,479341.000000,2502.000000,240.010000,240.400000,237.410000,238.560000,-1.740000,276.860000,210.000000
11:45:40,238.300000,60.000000,347456.000000,3201.000000,238.340000,500.000000,484250.000000,2528.000000,240.010000,240.400000,237.410000,238.340000,-1.960000,276.860000,210.000000
11:46:40,238.220000,215.000000,349373.000000,3223.000000,238.250000,108.000000,488445.000000,2545.000000,240.010000,240.400000,237.410000,238.230000,-2.070000,276.860000,210.000000
11:47:40,238.200000,98.000000,348636.000000,3228.000000,238.250000,100.000000,486711.000000,2552.000000,240.010000,240.400000,237.410000,238.250000,-2.050000,276.860000,210.000000
11:48:40,238.200000,100.000000,349323.000000,3244.000000,238.240000,439.000000,487373.000000,2555.000000,240.010000,240.400000,237.410000,238.240000,-2.060000,276.860000,210.000000
11:49:40,238.180000,48.000000,346844.000000,3247.000000,238.200000,9.000000,488010.000000,2568.000000,240.010000,240.400000,237.410000,238.210000,-2.090000,276.860000,210.000000
11:50:40,238.110000,85.000000,347787.000000,3249.000000,238.170000,200.000000,489443.000000,2582.000000,240.010000,240.400000,237.410000,238.110000,-2.190000,276.860000,210.000000
11:51:40,238.150000,451.000000,349953.000000,3285.000000,238.200000,639.000000,490062.000000,2587.000000,240.010000,240.400000,237.410000,238.180000,-2.120000,276.860000,210.000000
11:52:40,238.100000,88.000000,348579.000000,3278.000000,238.130000,100.000000,489729.000000,2592.000000,240.010000,240.400000,237.410000,238.100000,-2.200000,276.860000,210.000000
11:53:40,238.130000,217.000000,349715.000000,3301.000000,238.160000,141.000000,489372.000000,2589.000000,240.010000,240.400000,237.410000,238.160000,-2.140000,276.860000,210.000000
11:54:40,238.210000,333.000000,352986.000000,3334.000000,238.230000,258.000000,494009.000000,2592.000000,240.010000,240.400000,237.410000,238.230000,-2.070000,276.860000,210.000000
11:55:40,238.210000,467.000000,357865.000000,3320.000000,238.220000,35.000000,494461.000000,2599.000000,240.010000,240.400000,237.410000,238.220000,-2.080000,276.860000,210.000000
11:56:41,238.000000,5675.000000,354086.000000,3295.000000,238.030000,275.000000,496357.000000,2616.000000,240.010000,240.400000,237.410000,238.000000,-2.300000,276.860000,210.000000
11:57:41,237.970000,74.000000,347568.000000,3169.000000,237.980000,173.000000,497502.000000,2633.000000,240.010000,240.400000,237.410000,237.970000,-2.330000,276.860000,210.000000
11:58:41,237.960000,392.000000,348685.000000,3198.000000,237.990000,124.000000,497171.000000,2640.000000,240.010000,240.400000,237.410000,237.990000,-2.310000,276.860000,210.000000
11:59:41,237.880000,53.000000,344379.000000,3160.000000,237.890000,487.000000,499717.000000,2651.000000,240.010000,240.400000,237.410000,237.880000,-2.420000,276.860000,210.000000
12:00:41,238.030000,100.000000,350625.000000,3219.000000,238.080000,547.000000,498167.000000,2641.000000,240.010000,240.400000,237.410000,238.050000,-2.250000,276.860000,210.000000
12:01:41,238.040000,41.000000,352624.000000,3264.000000,238.080000,89.000000,495481.000000,2647.000000,240.010000,240.400000,237.410000,238.080000,-2.220000,276.860000,210.000000
12:02:42,238.000000,126.000000,350096.000000,3241.000000,238.030000,1.000000,497679.000000,2661.000000,240.010000,240.400000,237.410000,238.000000,-2.300000,276.860000,210.000000
12:03:41,238.000000,200.000000,351748.000000,3255.000000,238.030000,400.000000,482170.000000,2658.000000,240.010000,240.400000,237.410000,238.000000,-2.300000,276.860000,210.000000
12:04:41,237.940000,299.000000,356213.000000,3267.000000,237.990000,400.000000,485336.000000,2664.000000,240.010000,240.400000,237.410000,237.940000,-2.360000,276.860000,210.000000
12:05:41,238.480000,175.000000,365104.000000,3335.000000,238.560000,230.000000,468376.000000,2567.000000,240.010000,240.400000,237.410000,238.600000,-1.700000,276.860000,210.000000
12:06:41,238.510000,59.000000,367081.000000,3343.000000,238.540000,100.000000,471716.000000,2573.000000,240.010000,240.400000,237.410000,238.510000,-1.790000,276.860000,210.000000
12:07:41,238.430000,114.000000,368104.000000,3366.000000,238.500000,8505.000000,470919.000000,2569.000000,240.010000,240.400000,237.410000,238.470000,-1.830000,276.860000,210.000000
12:08:41,238.150000,236.000000,360423.000000,3336.000000,238.230000,315.000000,493714.000000,2610.000000,240.010000,240.400000,237.410000,238.230000,-2.070000,276.860000,210.000000
12:09:41,238.180000,111.000000,362266.000000,3370.000000,238.240000,449.000000,494552.000000,2617.000000,240.010000,240.400000,237.410000,238.180000,-2.120000,276.860000,210.000000
12:10:41,238.190000,24.000000,361598.000000,3372.000000,238.220000,330.000000,498948.000000,2626.000000,240.010000,240.400000,237.410000,238.190000,-2.110000,276.860000,210.000000
12:11:41,238.190000,380.000000,363849.000000,3396.000000,238.290000,175.000000,499579.000000,2629.000000,240.010000,240.400000,237.410000,238.290000,-2.010000,276.860000,210.000000
12:12:41,238.160000,51.000000,362946.000000,3399.000000,238.240000,575.000000,501871.000000,2644.000000,240.010000,240.400000,237.410000,238.160000,-2.140000,276.860000,210.000000
12:13:41,238.170000,37.000000,364263.000000,3421.000000,238.220000,178.000000,507350.000000,2664.000000,240.010000,240.400000,237.410000,238.170000,-2.130000,276.860000,210.000000
12:14:41,238.190000,201.000000,365689.000000,3438.000000,238.220000,195.000000,508888.000000,2675.000000,240.010000,240.400000,237.410000,238.220000,-2.080000,276.860000,210.000000
12:15:41,238.160000,469.000000,364171.000000,3433.000000,238.250000,400.000000,512502.000000,2682.000000,240.010000,240.400000,237.410000,238.200000,-2.100000,276.860000,210.000000
12:16:42,238.170000,100.000000,364852.000000,3449.000000,238.240000,842.000000,510852.000000,2682.000000,240.010000,240.400000,237.410000,238.220000,-2.080000,276.860000,210.000000
12:17:41,238.250000,461.000000,367992.000000,3475.000000,238.260000,400.000000,509929.000000,2683.000000,240.010000,240.400000,237.410000,238.260000,-2.040000,276.860000,210.000000
12:18:42,238.200000,781.000000,367602.000000,3472.000000,238.260000,147.000000,510768.000000,2692.000000,240.010000,240.400000,237.410000,238.260000,-2.040000,276.860000,210.000000
12:19:42,238.190000,57.000000,365166.000000,3463.000000,238.200000,107.000000,513578.000000,2703.000000,240.010000,240.400000,237.410000,238.200000,-2.100000,276.860000,210.000000
12:20:42,238.130000,155.000000,364384.000000,3453.000000,238.140000,2.000000,514878.000000,2720.000000,240.010000,240.400000,237.410000,238.130000,-2.170000,276.860000,210.000000
12:21:42,238.130000,756.000000,367136.000000,3463.000000,238.180000,296.000000,513605.000000,2714.000000,240.010000,240.400000,237.410000,238.130000,-2.170000,276.860000,210.000000
12:22:42,238.100000,1328.000000,368441.000000,3473.000000,238.130000,400.000000,514953.000000,2717.000000,240.010000,240.400000,237.410000,238.100000,-2.200000,276.860000,210.000000
12:23:42,238.300000,641.000000,373882.000000,3522.000000,238.310000,277.000000,512333.000000,2700.000000,240.010000,240.400000,237.410000,238.310000,-1.990000,276.860000,210.000000
12:24:42,238.190000,280.000000,370932.000000,3510.000000,238.250000,193.000000,522100.000000,2704.000000,240.010000,240.400000,237.410000,238.250000,-2.050000,276.860000,210.000000
12:25:42,238.010000,679.000000,366674.000000,3461.000000,238.050000,175.000000,526809.000000,2730.000000,240.010000,240.400000,237.410000,238.050000,-2.250000,276.860000,210.000000
12:26:42,238.060000,120.000000,370537.000000,3503.000000,238.100000,100.000000,524047.000000,2722.000000,240.010000,240.400000,237.410000,238.110000,-2.190000,276.860000,210.000000
12:27:42,237.940000,22.000000,362864.000000,3388.000000,237.980000,153.000000,521337.000000,2745.000000,240.010000,240.400000,237.410000,237.940000,-2.360000,276.860000,210.000000
12:28:42,237.910000,10.000000,362705.000000,3388.000000,237.940000,332.000000,529079.000000,2753.000000,240.010000,240.400000,237.410000,237.900000,-2.400000,276.860000,210.000000
12:29:43,237.950000,388.000000,364742.000000,3415.000000,237.960000,175.000000,527405.000000,2754.000000,240.010000,240.400000,237.410000,237.950000,-2.350000,276.860000,210.000000
12:30:43,237.950000,115.000000,364812.000000,3426.000000,237.960000,238.000000,527598.000000,2759.000000,240.010000,240.400000,237.410000,237.950000,-2.350000,276.860000,210.000000
12:31:43,237.910000,82.000000,362473.000000,3426.000000,237.920000,6.000000,527629.000000,2767.000000,240.010000,240.400000,237.410000,237.910000,-2.390000,276.860000,210.000000
12:32:43,237.890000,74.000000,362918.000000,3431.000000,237.900000,3.000000,528767.000000,2773.000000,240.010000,240.400000,237.410000,237.890000,-2.410000,276.860000,210.000000
12:33:43,237.880000,227.000000,362658.000000,3435.000000,237.890000,191.000000,530136.000000,2782.000000,240.010000,240.400000,237.410000,237.880000,-2.420000,276.860000,210.000000
12:34:43,237.890000,180.000000,363598.000000,3438.000000,237.900000,72.000000,533771.000000,2784.000000,240.010000,240.400000,237.410000,237.890000,-2.410000,276.860000,210.000000
12:35:43,237.710000,15.000000,357129.000000,3284.000000,237.720000,6.000000,537802.000000,2813.000000,240.010000,240.400000,237.410000,237.710000,-2.590000,276.860000,210.000000
12:36:43,237.680000,175.000000,358489.000000,3271.000000,237.720000,104.000000,538141.000000,2818.000000,240.010000,240.400000,237.410000,237.690000,-2.610000,276.860000,210.000000
12:37:43,237.880000,490.000000,362030.000000,3338.000000,237.960000,903.000000,529648.000000,2780.000000,240.010000,240.400000,237.410000,237.960000,-2.340000,276.860000,210.000000
12:38:43,237.900000,111.000000,359348.000000,3347.000000,237.940000,138.000000,529545.000000,2792.000000,240.010000,240.400000,237.410000,237.900000,-2.400000,276.860000,210.000000
12:39:43,237.750000,160.000000,358319.000000,3335.000000,237.760000,3.000000,523865.000000,2805.000000,240.010000,240.400000,237.410000,237.750000,-2.550000,276.860000,210.000000
12:40:43,237.750000,27.000000,360128.000000,3360.000000,237.790000,2019.000000,520039.000000,2822.000000,240.010000,240.400000,237.410000,237.790000,-2.510000,276.860000,210.000000
12:41:43,237.750000,134.000000,360922.000000,3389.000000,237.760000,311.000000,517859.000000,2827.000000,240.010000,240.400000,237.410000,237.750000,-2.550000,276.860000,210.000000
12:42:43,237.820000,13.000000,364300.000000,3406.000000,237.830000,5.000000,517247.000000,2830.000000,240.010000,240.400000,237.410000,237.830000,-2.470000,276.860000,210.000000
12:43:43,237.820000,344.000000,365123.000000,3416.000000,237.830000,6.000000,516950.000000,2825.000000,240.010000,240.400000,237.410000,237.820000,-2.480000,276.860000,210.000000
12:44:43,237.810000,175.000000,365565.000000,3425.000000,237.840000,73.000000,523910.000000,2839.000000,240.010000,240.400000,237.410000,237.820000,-2.480000,276.860000,210.000000
12:45:43,237.820000,51.000000,363027.000000,3428.000000,237.830000,6.000000,524049.000000,2844.000000,240.010000,240.400000,237.410000,237.820000,-2.480000,276.860000,210.000000
12:46:43,237.760000,161.000000,360612.000000,3419.000000,237.790000,112.000000,523226.000000,2845.000000,240.010000,240.400000,237.410000,237.760000,-2.540000,276.860000,210.000000
12:47:43,237.750000,780.000000,361636.000000,3428.000000,237.790000,359.000000,523107.000000,2844.000000,240.010000,240.400000,237.410000,237.750000,-2.550000,276.860000,210.000000
12:48:43,237.800000,2.000000,368895.000000,3437.000000,237.830000,126.000000,519264.000000,2836.000000,240.010000,240.400000,237.410000,237.830000,-2.470000,276.860000,210.000000
12:49:44,237.790000,100.000000,369383.000000,3456.000000,237.800000,2.000000,519570.000000,2840.000000,240.010000,240.400000,237.410000,237.820000,-2.480000,276.860000,210.000000
12:50:44,237.800000,138.000000,368938.000000,3454.000000,237.840000,117.000000,521699.000000,2844.000000,240.010000,240.400000,237.410000,237.840000,-2.460000,276.860000,210.000000
12:51:44,237.800000,127.000000,373907.000000,3458.000000,237.810000,6.000000,521930.000000,2847.000000,240.010000,240.400000,237.410000,237.800000,-2.500000,276.860000,210.000000
12:52:44,237.810000,537.000000,374366.000000,3469.000000,237.820000,51.000000,522472.000000,2847.000000,240.010000,240.400000,237.410000,237.820000,-2.480000,276.860000,210.000000
12:53:44,237.840000,32.000000,374528.000000,3481.000000,237.850000,959.000000,523970.000000,2852.000000,240.010000,240.400000,237.410000,237.840000,-2.460000,276.860000,210.000000
12:54:44,237.840000,142.000000,374581.000000,3483.000000,237.850000,6.000000,521289.000000,2849.000000,240.010000,240.400000,237.410000,237.840000,-2.460000,276.860000,210.000000
12:55:44,237.950000,166.000000,386301.000000,3498.000000,237.980000,80.000000,514998.000000,2823.000000,240.010000,240.400000,237.410000,237.950000,-2.350000,276.860000,210.000000
12:56:44,238.170000,93.000000,389828.000000,3520.000000,238.180000,6.000000,495621.000000,2770.000000,240.010000,240.400000,237.410000,238.170000,-2.130000,276.860000,210.000000
12:57:44,238.230000,118.000000,393529.000000,3543.000000,238.280000,11.000000,495658.000000,2767.000000,240.010000,240.400000,237.410000,238.290000,-2.010000,276.860000,210.000000
12:58:44,238.450000,70.000000,394975.000000,3544.000000,238.470000,6.000000,495711.000000,2730.000000,240.010000,240.400000,237.410000,238.470000,-1.830000,276.860000,210.000000
12:59:44,238.400000,667.000000,394928.000000,3547.000000,238.410000,6.000000,497948.000000,2740.000000,240.010000,240.400000,237.410000,238.400000,-1.900000,276.860000,210.000000
13:00:44,238.380000,33.000000,394437.000000,3551.000000,238.410000,6.000000,499162.000000,2743.000000,240.010000,240.400000,237.410000,238.380000,-1.920000,276.860000,210.000000
13:01:44,238.270000,89.000000,394923.000000,3553.000000,238.280000,6.000000,503719.000000,2774.000000,240.010000,240.400000,237.410000,238.270000,-2.030000,276.860000,210.000000
13:02:44,238.300000,518.000000,397078.000000,3564.000000,238.310000,3.000000,503345.000000,2778.000000,240.010000,240.400000,237.410000,238.300000,-2.000000,276.860000,210.000000
13:03:44,238.100000,104.000000,395097.000000,3551.000000,238.110000,6.000000,506227.000000,2795.000000,240.010000,240.400000,237.410000,238.100000,-2.200000,276.860000,210.000000
13:04:44,238.080000,263.000000,394855.000000,3551.000000,238.150000,503.000000,507555.000000,2785.000000,240.010000,240.400000,237.410000,238.080000,-2.220000,276.860000,210.000000
13:05:44,238.060000,97.000000,395211.000000,3561.000000,238.140000,150.000000,508194.000000,2788.000000,240.010000,240.400000,237.410000,238.120000,-2.180000,276.860000,210.000000
13:06:44,238.020000,196.000000,394176.000000,3561.000000,238.030000,6.000000,509601.000000,2800.000000,240.010000,240.400000,237.410000,238.020000,-2.280000,276.860000,210.000000
13:07:44,237.980000,2.000000,392023.000000,3553.000000,238.000000,17.000000,509086.000000,2809.000000,240.010000,240.400000,237.410000,237.980000,-2.320000,276.860000,210.000000
13:08:44,238.000000,106.000000,391811.000000,3545.000000,238.010000,6.000000,508970.000000,2809.000000,240.010000,240.400000,237.410000,238.000000,-2.300000,276.860000,210.000000
13:09:44,237.920000,4002.000000,386256.000000,3534.000000,237.930000,3.000000,510412.000000,2824.000000,240.010000,240.400000,237.410000,237.920000,-2.380000,276.860000,210.000000
13:10:44,237.840000,434.000000,378943.000000,3509.000000,237.920000,6.000000,510679.000000,2820.000000,240.010000,240.400000,237.410000,237.850000,-2.450000,276.860000,210.000000
13:11:44,237.860000,7.000000,380178.000000,3517.000000,237.900000,31.000000,511727.000000,2831.000000,240.010000,240.400000,237.410000,237.900000,-2.400000,276.860000,210.000000
13:12:44,237.860000,310.000000,380121.000000,3533.000000,237.900000,208.000000,516629.000000,2829.000000,240.010000,240.400000,237.410000,237.870000,-2.430000,276.860000,210.000000
13:13:44,237.880000,170.000000,381932.000000,3549.000000,237.900000,3.000000,519388.000000,2830.000000,240.010000,240.400000,237.410000,237.890000,-2.410000,276.860000,210.000000
13:14:44,237.870000,59.000000,382866.000000,3563.000000,237.880000,3.000000,520291.000000,2825.000000,240.010000,240.400000,237.410000,237.870000,-2.430000,276.860000,210.000000
13:15:44,237.860000,141.000000,379299.000000,3562.000000,237.870000,6.000000,522110.000000,2827.000000,240.010000,240.400000,237.410000,237.860000,-2.440000,276.860000,210.000000
13:16:45,237.870000,155.000000,383623.000000,3578.000000,237.880000,14.000000,522132.000000,2831.000000,240.010000,240.400000,237.410000,237.870000,-2.430000,276.860000,210.000000
13:17:45,237.920000,492.000000,384836.000000,3592.000000,237.940000,6.000000,521727.000000,2827.000000,240.010000,240.400000,237.410000,237.940000,-2.360000,276.860000,210.000000
13:18:45,238.000000,17.000000,390088.000000,3595.000000,238.030000,144.000000,520967.000000,2835.000000,240.010000,240.400000,237.410000,238.000000,-2.300000,276.860000,210.000000
13:19:45,238.080000,141.000000,393745.000000,3626.000000,238.150000,156.000000,518059.000000,2807.000000,240.010000,240.400000,237.410000,238.080000,-2.220000,276.860000,210.000000
13:20:45,238.030000,134.000000,392494.000000,3624.000000,238.040000,6.000000,519984.000000,2828.000000,240.010000,240.400000,237.410000,238.030000,-2.270000,276.860000,210.000000
13:21:45,238.000000,584.000000,393957.000000,3632.000000,238.010000,6.000000,520394.000000,2832.000000,240.010000,240.400000,237.410000,238.000000,-2.300000,276.860000,210.000000
13:22:45,237.970000,402.000000,394280.000000,3624.000000,237.980000,6.000000,521503.000000,2843.000000,240.010000,240.400000,237.410000,237.970000,-2.330000,276.860000,210.000000
13:23:45,237.990000,100.000000,396363.000000,3654.000000,238.000000,6.000000,520412.000000,2839.000000,240.010000,240.400000,237.410000,237.990000,-2.310000,276.860000,210.000000
13:24:45,238.020000,123.000000,395332.000000,3655.000000,238.030000,6.000000,519538.000000,2835.000000,240.010000,240.400000,237.410000,238.020000,-2.280000,276.860000,210.000000
13:25:45,238.050000,518.000000,395934.000000,3669.000000,238.060000,11.000000,519970.000000,2840.000000,240.010000,240.400000,237.410000,238.050000,-2.250000,276.860000,210.000000
13:26:45,238.010000,304.000000,396728.000000,3676.000000,238.050000,46.000000,520027.000000,2838.000000,240.010000,240.400000,237.410000,238.010000,-2.290000,276.860000,210.000000
13:27:45,238.050000,46.000000,397892.000000,3684.000000,238.060000,6.000000,521629.000000,2842.000000,240.010000,240.400000,237.410000,238.050000,-2.250000,276.860000,210.000000
13:28:45,238.010000,272.000000,397197.000000,3689.000000,238.080000,425.000000,522429.000000,2849.000000,240.010000,240.400000,237.410000,238.010000,-2.290000,276.860000,210.000000
13:29:45,238.010000,119.000000,396913.000000,3692.000000,238.080000,259.000000,523020.000000,2857.000000,240.010000,240.400000,237.410000,238.010000,-2.290000,276.860000,210.000000
13:30:45,238.000000,146.000000,395156.000000,3669.000000,238.010000,57.000000,523388.000000,2863.000000,240.010000,240.400000,237.410000,238.000000,-2.300000,276.860000,210.000000
13:31:45,238.040000,14.000000,396814.000000,3675.000000,238.050000,91.000000,523434.000000,2871.000000,240.010000,240.400000,237.410000,238.040000,-2.260000,276.860000,210.000000
13:32:45,238.010000,204.000000,388120.000000,3669.000000,238.020000,6.000000,524031.000000,2872.000000,240.010000,240.400000,237.410000,238.010000,-2.290000,276.860000,210.000000
13:33:46,238.000000,653.000000,385702.000000,3663.000000,238.010000,3.000000,529229.000000,2883.000000,240.010000,240.400000,237.410000,238.000000,-2.300000,276.860000,210.000000
13:34:46,237.870000,435.000000,389227.000000,3628.000000,237.880000,6.000000,531354.000000,2900.000000,240.010000,240.400000,237.410000,237.870000,-2.430000,276.860000,210.000000
13:35:45,237.910000,48.000000,385098.000000,3641.000000,237.920000,3.000000,530595.000000,2903.000000,240.010000,240.400000,237.410000,237.910000,-2.390000,276.860000,210.000000
13:36:46,237.870000,100.000000,387150.000000,3609.000000,237.940000,108.000000,531528.000000,2906.000000,240.010000,240.400000,237.410000,237.880000,-2.420000,276.860000,210.000000
13:37:46,237.870000,438.000000,388365.000000,3614.000000,237.880000,6.000000,531824.000000,2910.000000,240.010000,240.400000,237.410000,237.870000,-2.430000,276.860000,210.000000
13:38:46,237.850000,1.000000,387278.000000,3607.000000,237.900000,550.000000,531344.000000,2904.000000,240.010000,240.400000,237.410000,237.860000,-2.440000,276.860000,210.000000
13:39:46,237.830000,172.000000,389615.000000,3619.000000,237.890000,40.000000,532581.000000,2920.000000,240.010000,240.400000,237.410000,237.830000,-2.470000,276.860000,210.000000
13:40:46,237.810000,39.000000,388851.000000,3612.000000,237.870000,181.000000,532286.000000,2917.000000,240.010000,240.400000,237.410000,237.810000,-2.490000,276.860000,210.000000
13:41:46,237.820000,112.000000,389016.000000,3616.000000,237.870000,35.000000,532405.000000,2925.000000,240.010000,240.400000,237.410000,237.820000,-2.480000,276.860000,210.000000
13:42:46,237.820000,1128.000000,390062.000000,3628.000000,237.860000,42.000000,533093.000000,2924.000000,240.010000,240.400000,237.410000,237.860000,-2.440000,276.860000,210.000000
13:43:46,237.710000,575.000000,390219.000000,3637.000000,237.790000,6.000000,532368.000000,2922.000000,240.010000,240.400000,237.410000,237.710000,-2.590000,276.860000,210.000000
13:44:46,237.750000,38.000000,383887.000000,3549.000000,237.760000,933.000000,534712.000000,2928.000000,240.010000,240.400000,237.410000,237.750000,-2.550000,276.860000,210.000000
13:45:46,237.700000,5110.000000,384343.000000,3535.000000,237.710000,6.000000,533657.000000,2929.000000,240.010000,240.400000,237.410000,237.700000,-2.600000,276.860000,210.000000
13:46:46,237.780000,106.000000,382177.000000,3574.000000,237.790000,6.000000,532702.000000,2923.000000,240.010000,240.400000,237.410000,237.780000,-2.520000,276.860000,210.000000
13:47:46,237.830000,246.000000,383098.000000,3593.000000,237.840000,5.000000,532345.000000,2925.000000,240.010000,240.400000,237.410000,237.840000,-2.460000,276.860000,210.000000
13:48:46,237.840000,425.000000,383462.000000,3605.000000,237.880000,52.000000,531860.000000,2919.000000,240.010000,240.400000,237.410000,237.840000,-2.460000,276.860000,210.000000
13:49:46,237.830000,2.000000,381864.000000,3597.000000,237.880000,24.000000,531949.000000,2927.000000,240.010000,240.400000,237.410000,237.810000,-2.490000,276.860000,210.000000
13:50:46,237.810000,175.000000,382711.000000,3600.000000,237.870000,400.000000,532445.000000,2934.000000,240.010000,240.400000,237.410000,237.880000,-2.420000,276.860000,210.000000
13:51:46,237.810000,200.000000,382741.000000,3581.000000,237.830000,3.000000,532251.000000,2928.000000,240.010000,240.400000,237.410000,237.810000,-2.490000,276.860000,210.000000
13:52:46,237.740000,69.000000,385090.000000,3548.000000,237.750000,6.000000,532264.000000,2933.000000,240.010000,240.400000,237.410000,237.740000,-2.560000,276.860000,210.000000
13:53:46,237.630000,159.000000,373027.000000,3455.000000,237.640000,6.000000,535884.000000,2972.000000,240.010000,240.400000,237.410000,237.630000,-2.670000,276.860000,210.000000
13:54:46,237.620000,249.000000,372486.000000,3479.000000,237.640000,3.000000,536422.000000,2972.000000,240.010000,240.400000,237.410000,237.630000,-2.670000,276.860000,210.000000
13:55:47,237.640000,1012.000000,374297.000000,3496.000000,237.650000,6.000000,537515.000000,2984.000000,240.010000,240.400000,237.410000,237.650000,-2.650000,276.860000,210.000000
13:56:46,237.610000,364.000000,373558.000000,3506.000000,237.630000,5.000000,538567.000000,2985.000000,240.010000,240.400000,237.410000,237.610000,-2.690000,276.860000,210.000000
13:57:46,237.610000,11.000000,372868.000000,3496.000000,237.620000,40.000000,537232.000000,2995.000000,240.010000,240.400000,237.410000,237.610000,-2.690000,276.860000,210.000000
,237.610000,11.000000,372868.000000,3496.000000,237.620000,40.000000,537232.000000,2995.000000,240.010000,240.400000,237.410000,237.610000,-2.690000,276.860000,210.000000
,237.610000,11.000000,372868.000000,3496.000000,237.620000,40.000000,537232.000000,2995.000000,240.010000,240.400000,237.410000,237.610000,-2.690000,276.860000,210.000000
,237.610000,11.000000,372868.000000,3496.000000,237.620000,40.000000,537232.000000,2995.000000,240.010000,240.400000,237.410000,237.610000,-2.690000,276.860000,210.000000
,237.610000,11.000000,372868.000000,3496.000000,237.620000,40.000000,537232.000000,2995.000000,240.010000,240.400000,237.410000,237.610000,-2.690000,276.860000,210.000000
,237.610000,11.000000,372868.000000,3496.000000,237.620000,40.000000,537232.000000,2995.000000,240.010000,240.400000,237.410000,237.610000,-2.690000,276.860000,210.000000
,237.610000,11.000000,372868.000000,3496.000000,237.620000,40.000000,537232.000000,2995.000000,240.010000,240.400000,237.410000,237.610000,-2.690000,276.860000,210.000000
,237.610000,11.000000,372868.000000,3496.000000,237.620000,40.000000,537232.000000,2995.000000,240.010000,240.400000,237.410000,237.610000,-2.690000,276.860000,210.000000
,237.610000,11.000000,372868.000000,3496.000000,237.620000,40.000000,537232.000000,2995.000000,240.010000,240.400000,237.410000,237.610000,-2.690000,276.860000,210.000000
,237.610000,11.000000,372868.000000,3496.000000,237.620000,40.000000,537232.000000,2995.000000,240.010000,240.400000,237.410000,237.610000,-2.690000,276.860000,210.000000
,237.610000,11.000000,372868.000000,3496.000000,237.620000,40.000000,537232.000000,2995.000000,240.010000,240.400000,237.410000,237.610000,-2.690000,276.860000,210.000000
14:08:47,237.150000,228.000000,340024.000000,2965.000000,237.170000,506.000000,528904.000000,2991.000000,240.010000,240.400000,237.150000,237.150000,-3.150000,276.860000,210.000000
14:09:47,237.100000,629.000000,341530.000000,2957.000000,237.140000,125.000000,528551.000000,2983.000000,240.010000,240.400000,237.100000,237.140000,-3.160000,276.860000,210.000000
14:10:47,237.050000,83.000000,347365.000000,2852.000000,237.060000,126.000000,531535.000000,3002.000000,240.010000,240.400000,237.050000,237.050000,-3.250000,276.860000,210.000000
14:11:47,236.900000,223.000000,326751.000000,2476.000000,236.910000,56.000000,532245.000000,3028.000000,240.010000,240.400000,236.860000,236.900000,-3.400000,276.860000,210.000000
14:12:47,236.890000,270.000000,335947.000000,2535.000000,236.900000,2756.000000,529898.000000,3009.000000,240.010000,240.400000,236.860000,236.890000,-3.410000,276.860000,210.000000
14:13:47,237.010000,107.000000,338147.000000,2551.000000,237.060000,5.000000,530223.000000,2996.000000,240.010000,240.400000,236.860000,237.050000,-3.250000,276.860000,210.000000
14:14:48,237.180000,6.000000,344933.000000,2594.000000,237.200000,13.000000,525922.000000,2964.000000,240.010000,240.400000,236.860000,237.180000,-3.120000,276.860000,210.000000
14:15:48,237.150000,209.000000,345281.000000,2605.000000,237.190000,23.000000,526717.000000,2983.000000,240.010000,240.400000,236.860000,237.160000,-3.140000,276.860000,210.000000
14:16:48,237.030000,389.000000,344636.000000,2592.000000,237.080000,106.000000,505544.000000,2990.000000,240.010000,240.400000,236.860000,237.060000,-3.240000,276.860000,210.000000
14:17:48,237.110000,254.000000,348544.000000,2614.000000,237.150000,233.000000,504809.000000,2993.000000,240.010000,240.400000,236.860000,237.120000,-3.180000,276.860000,210.000000
14:18:48,237.190000,139.000000,354985.000000,2645.000000,237.240000,106.000000,503952.000000,2986.000000,240.010000,240.400000,236.860000,237.200000,-3.100000,276.860000,210.000000
14:19:49,237.360000,500.000000,356877.000000,2681.000000,237.390000,11.000000,502847.000000,2971.000000,240.010000,240.400000,236.860000,237.360000,-2.940000,276.860000,210.000000
14:20:48,237.410000,1302.000000,359871.000000,2690.000000,237.440000,400.000000,501143.000000,2964.000000,240.010000,240.400000,236.860000,237.440000,-2.860000,276.860000,210.000000
14:21:48,237.270000,32.000000,355083.000000,2688.000000,237.280000,3.000000,504430.000000,2999.000000,240.010000,240.400000,236.860000,237.270000,-3.030000,276.860000,210.000000
14:22:48,237.290000,53.000000,355343.000000,2695.000000,237.300000,6.000000,508123.000000,3018.000000,240.010000,240.400000,236.860000,237.300000,-3.000000,276.860000,210.000000
14:23:48,237.180000,600.000000,353931.000000,2681.000000,237.250000,100.000000,507149.000000,3008.000000,240.010000,240.400000,236.860000,237.200000,-3.100000,276.860000,210.000000
14:24:48,237.220000,531.000000,357279.000000,2715.000000,237.300000,7.000000,507396.000000,3015.000000,240.010000,240.400000,236.860000,237.240000,-3.060000,276.860000,210.000000
14:25:48,237.250000,100.000000,359347.000000,2721.000000,237.280000,3.000000,506761.000000,3018.000000,240.010000,240.400000,236.860000,237.250000,-3.050000,276.860000,210.000000
14:26:48,237.260000,727.000000,360361.000000,2739.000000,237.300000,897.000000,509908.000000,3021.000000,240.010000,240.400000,236.860000,237.280000,-3.020000,276.860000,210.000000
14:27:48,237.280000,463.000000,362423.000000,2754.000000,237.290000,7.000000,509224.000000,3023.000000,240.010000,240.400000,236.860000,237.280000,-3.020000,276.860000,210.000000
14:28:48,237.340000,124.000000,363684.000000,2768.000000,237.350000,16.000000,507732.000000,3006.000000,240.010000,240.400000,236.860000,237.340000,-2.960000,276.860000,210.000000
14:29:48,237.350000,149.000000,364677.000000,2786.000000,237.390000,6.000000,510129.000000,3010.000000,240.010000,240.400000,236.860000,237.390000,-2.910000,276.860000,210.000000
14:30:48,237.440000,452.000000,370192.000000,2823.000000,237.500000,132.000000,507844.000000,2976.000000,240.010000,240.400000,236.860000,237.450000,-2.850000,276.860000,210.000000
14:31:48,237.300000,270.000000,355864.000000,2775.000000,237.310000,3.000000,505479.000000,3009.000000,240.010000,240.400000,236.860000,237.300000,-3.000000,276.860000,210.000000
14:32:48,237.220000,203.000000,367849.000000,2774.000000,237.260000,380.000000,508347.000000,3027.000000,240.010000,240.400000,236.860000,237.260000,-3.040000,276.860000,210.000000
14:33:48,237.200000,73.000000,360647.000000,2765.000000,237.210000,82.000000,508942.000000,3032.000000,240.010000,240.400000,236.860000,237.200000,-3.100000,276.860000,210.000000
14:34:48,237.120000,10.000000,356581.000000,2762.000000,237.140000,107.000000,508242.000000,3029.000000,240.010000,240.400000,236.860000,237.120000,-3.180000,276.860000,210.000000
14:35:48,237.110000,74.000000,358316.000000,2781.000000,237.160000,77.000000,509350.000000,3035.000000,240.010000,240.400000,236.860000,237.160000,-3.140000,276.860000,210.000000
14:36:48,237.180000,5.000000,359914.000000,2807.000000,237.200000,3.000000,509595.000000,3038.000000,240.010000,240.400000,236.860000,237.160000,-3.140000,276.860000,210.000000
14:37:48,237.080000,37.000000,357325.000000,2783.000000,237.140000,116.000000,509637.000000,3039.000000,240.010000,240.400000,236.860000,237.090000,-3.210000,276.860000,210.000000
14:38:48,237.100000,181.000000,357994.000000,2800.000000,237.180000,16.000000,510938.000000,3044.000000,240.010000,240.400000,236.860000,237.100000,-3.200000,276.860000,210.000000
14:39:48,237.040000,175.000000,352813.000000,2758.000000,237.080000,100.000000,514544.000000,3074.000000,240.010000,240.400000,236.860000,237.070000,-3.230000,276.860000,210.000000
14:40:48,237.020000,98.000000,353175.000000,2775.000000,237.030000,3.000000,520634.000000,3071.000000,240.010000,240.400000,236.860000,237.020000,-3.280000,276.860000,210.000000
14:41:48,236.960000,21.000000,349869.000000,2734.000000,237.000000,434.000000,521968.000000,3078.000000,240.010000,240.400000,236.860000,236.970000,-3.330000,276.860000,210.000000
14:42:48,237.000000,1402.000000,352389.000000,2754.000000,237.020000,103.000000,520003.000000,3070.000000,240.010000,240.400000,236.860000,237.000000,-3.300000,276.860000,210.000000
14:43:48,237.060000,175.000000,360418.000000,2795.000000,237.070000,6.000000,519203.000000,3065.000000,240.010000,240.400000,236.860000,237.060000,-3.240000,276.860000,210.000000
14:44:48,237.060000,175.000000,360354.000000,2809.000000,237.090000,211.000000,517993.000000,3065.000000,240.010000,240.400000,236.860000,237.070000,-3.230000,276.860000,210.000000
14:45:49,237.020000,432.000000,360266.000000,2810.000000,237.060000,21.000000,518608.000000,3078.000000,240.010000,240.400000,236.860000,237.040000,-3.260000,276.860000,210.000000
14:46:49,237.050000,475.000000,360659.000000,2816.000000,237.060000,6.000000,519171.000000,3080.000000,240.010000,240.400000,236.860000,237.050000,-3.250000,276.860000,210.000000
14:47:49,237.060000,207.000000,361489.000000,2824.000000,237.070000,6.000000,519186.000000,3086.000000,240.010000,240.400000,236.860000,237.060000,-3.240000,276.860000,210.000000
14:48:49,237.080000,402.000000,363202.000000,2841.000000,237.100000,106.000000,517873.000000,3082.000000,240.010000,240.400000,236.860000,237.090000,-3.210000,276.860000,210.000000
14:49:48,237.060000,214.000000,364429.000000,2852.000000,237.080000,6.000000,519974.000000,3087.000000,240.010000,240.400000,236.860000,237.070000,-3.230000,276.860000,210.000000
14:50:49,237.060000,621.000000,365824.000000,2871.000000,237.070000,3.000000,521099.000000,3088.000000,240.010000,240.400000,236.860000,237.060000,-3.240000,276.860000,210.000000
14:51:49,237.070000,9.000000,365328.000000,2873.000000,237.090000,103.000000,521683.000000,3089.000000,240.010000,240.400000,236.860000,237.070000,-3.230000,276.860000,210.000000
14:52:49,237.050000,442.000000,364711.000000,2874.000000,237.080000,320.000000,523216.000000,3100.000000,240.010000,240.400000,236.860000,237.060000,-3.240000,276.860000,210.000000
14:53:49,237.070000,69.000000,365381.000000,2895.000000,237.080000,6.000000,524571.000000,3103.000000,240.010000,240.400000,236.860000,237.070000,-3.230000,276.860000,210.000000
14:54:49,237.060000,205.000000,365319.000000,2902.000000,237.070000,6.000000,525661.000000,3108.000000,240.010000,240.400000,236.860000,237.060000,-3.240000,276.860000,210.000000
14:55:49,237.020000,232.000000,361852.000000,2861.000000,237.030000,6.000000,523597.000000,3118.000000,240.010000,240.400000,236.860000,237.050000,-3.250000,276.860000,210.000000
14:56:49,237.000000,977.000000,359918.000000,2855.000000,237.050000,129.000000,524718.000000,3117.000000,240.010000,240.400000,236.860000,237.010000,-3.290000,276.860000,210.000000
14:57:49,237.050000,113.000000,361987.000000,2872.000000,237.060000,482.000000,523762.000000,3115.000000,240.010000,240.400000,236.860000,237.050000,-3.250000,276.860000,210.000000
14:58:49,237.070000,101.000000,361544.000000,2877.000000,237.090000,16.000000,518718.000000,3102.000000,240.010000,240.400000,236.860000,237.100000,-3.200000,276.860000,210.000000
14:59:49,237.080000,9.000000,363124.000000,2895.000000,237.090000,106.000000,521221.000000,3110.000000,240.010000,240.400000,236.860000,237.080000,-3.220000,276.860000,210.000000
15:00:49,237.020000,120.000000,363504.000000,2893.000000,237.030000,3.000000,521355.000000,3118.000000,240.010000,240.400000,236.860000,237.020000,-3.280000,276.860000,210.000000
15:01:49,237.060000,99.000000,364692.000000,2931.000000,237.080000,66.000000,519233.000000,3108.000000,240.010000,240.400000,236.860000,237.060000,-3.240000,276.860000,210.000000
15:02:49,237.190000,240.000000,368190.000000,2994.000000,237.240000,221.000000,516086.000000,3069.000000,240.010000,240.400000,236.860000,237.200000,-3.100000,276.860000,210.000000
15:03:49,237.270000,294.000000,373609.000000,3039.000000,237.300000,735.000000,513729.000000,3059.000000,240.010000,240.400000,236.860000,237.300000,-3.000000,276.860000,210.000000
15:04:49,237.230000,96.000000,374783.000000,3033.000000,237.240000,6.000000,515093.000000,3083.000000,240.010000,240.400000,236.860000,237.230000,-3.070000,276.860000,210.000000
15:05:49,237.160000,201.000000,371727.000000,3031.000000,237.220000,210.000000,516660.000000,3100.000000,240.010000,240.400000,236.860000,237.170000,-3.130000,276.860000,210.000000
15:06:49,237.140000,134.000000,366656.000000,3047.000000,237.150000,7.000000,521675.000000,3109.000000,240.010000,240.400000,236.860000,237.140000,-3.160000,276.860000,210.000000
15:07:49,237.120000,275.000000,365755.000000,3065.000000,237.150000,87.000000,522093.000000,3116.000000,240.010000,240.400000,236.860000,237.130000,-3.170000,276.860000,210.000000
15:08:49,237.100000,240.000000,363099.000000,3078.000000,237.110000,10.000000,522841.000000,3123.000000,240.010000,240.400000,236.860000,237.100000,-3.200000,276.860000,210.000000
15:09:50,237.100000,161.000000,363855.000000,3063.000000,237.160000,75.000000,522687.000000,3119.000000,240.010000,240.400000,236.860000,237.110000,-3.190000,276.860000,210.000000
15:10:49,237.080000,10.000000,363530.000000,3079.000000,237.130000,171.000000,523413.000000,3127.000000,240.010000,240.400000,236.860000,237.090000,-3.210000,276.860000,210.000000
15:11:49,237.060000,6203.000000,369957.000000,3095.000000,237.070000,3.000000,523482.000000,3129.000000,240.010000,240.400000,236.860000,237.060000,-3.240000,276.860000,210.000000
15:12:50,237.060000,110.000000,361254.000000,3065.000000,237.070000,3.000000,525498.000000,3146.000000,240.010000,240.400000,236.860000,237.060000,-3.240000,276.860000,210.000000
15:13:50,237.070000,2321.000000,363322.000000,3065.000000,237.100000,4.000000,523636.000000,3137.000000,240.010000,240.400000,236.860000,237.070000,-3.230000,276.860000,210.000000
15:14:50,237.100000,785.000000,365139.000000,3080.000000,237.110000,6.000000,528652.000000,3138.000000,240.010000,240.400000,236.860000,237.100000,-3.200000,276.860000,210.000000
15:15:50,237.030000,336.000000,362187.000000,3087.000000,237.060000,113.000000,528937.000000,3140.000000,240.010000,240.400000,236.860000,237.060000,-3.240000,276.860000,210.000000
15:16:50,237.050000,1538.000000,363057.000000,3077.000000,237.110000,100.000000,529167.000000,3143.000000,240.010000,240.400000,236.860000,237.060000,-3.240000,276.860000,210.000000
15:17:50,237.060000,293.000000,361669.000000,3091.000000,237.100000,86.000000,528389.000000,3144.000000,240.010000,240.400000,236.860000,237.070000,-3.230000,276.860000,210.000000
15:18:50,237.110000,83.000000,361422.000000,3114.000000,237.120000,8.000000,527599.000000,3142.000000,240.010000,240.400000,236.860000,237.110000,-3.190000,276.860000,210.000000
15:19:50,237.100000,208.000000,360894.000000,3114.000000,237.110000,6.000000,528113.000000,3144.000000,240.010000,240.400000,236.860000,237.100000,-3.200000,276.860000,210.000000
15:20:50,237.050000,1153.000000,361276.000000,3109.000000,237.100000,118.000000,533312.000000,3147.000000,240.010000,240.400000,236.860000,237.060000,-3.240000,276.860000,210.000000
15:21:50,237.060000,236.000000,361622.000000,3115.000000,237.070000,6.000000,534238.000000,3154.000000,240.010000,240.400000,236.860000,237.070000,-3.230000,276.860000,210.000000
15:22:50,237.060000,145.000000,360943.000000,3117.000000,237.070000,93.000000,534327.000000,3152.000000,240.010000,240.400000,236.860000,237.060000,-3.240000,276.860000,210.000000
15:23:50,237.060000,188.000000,360016.000000,3122.000000,237.110000,88.000000,532986.000000,3137.000000,240.010000,240.400000,236.860000,237.080000,-3.220000,276.860000,210.000000
15:24:50,237.050000,5.000000,359919.000000,3127.000000,237.060000,509.000000,533791.000000,3143.000000,240.010000,240.400000,236.860000,237.050000,-3.250000,276.860000,210.000000
15:25:50,237.000000,1693.000000,357734.000000,3085.000000,237.050000,102.000000,535210.000000,3151.000000,240.010000,240.400000,236.860000,237.050000,-3.250000,276.860000,210.000000
15:26:50,236.960000,1316.000000,355301.000000,3047.000000,237.000000,103.000000,535750.000000,3152.000000,240.010000,240.400000,236.860000,236.970000,-3.330000,276.860000,210.000000
15:27:50,236.950000,611.000000,353882.000000,3054.000000,236.990000,1993.000000,537882.000000,3164.000000,240.010000,240.400000,236.860000,236.990000,-3.310000,276.860000,210.000000
15:28:50,236.820000,175.000000,348519.000000,2937.000000,236.880000,175.000000,539533.000000,3170.000000,240.010000,240.400000,236.810000,236.810000,-3.490000,276.860000,210.000000
15:29:50,236.800000,667.000000,347896.000000,2922.000000,236.810000,3.000000,539875.000000,3174.000000,240.010000,240.400000,236.800000,236.800000,-3.500000,276.860000,210.000000
15:30:50,236.670000,90.000000,346413.000000,2840.000000,236.750000,106.000000,536106.000000,3180.000000,240.010000,240.400000,236.650000,236.670000,-3.630000,276.860000,210.000000
15:31:50,236.600000,108.000000,342827.000000,2814.000000,236.610000,6.000000,534783.000000,3199.000000,240.010000,240.400000,236.550000,236.600000,-3.700000,276.860000,210.000000
15:32:51,236.530000,3.000000,341465.000000,2799.000000,236.540000,6.000000,537540.000000,3205.000000,240.010000,240.400000,236.510000,236.580000,-3.720000,276.860000,210.000000
15:33:50,236.640000,58.000000,343469.000000,2805.000000,236.650000,3.000000,531765.000000,3176.000000,240.010000,240.400000,236.500000,236.640000,-3.660000,276.860000,210.000000
15:34:52,236.660000,100.000000,344280.000000,2817.000000,236.670000,3.000000,532146.000000,3177.000000,240.010000,240.400000,236.500000,236.660000,-3.640000,276.860000,210.000000
15:35:51,236.540000,4.000000,341389.000000,2796.000000,236.550000,4.000000,533063.000000,3202.000000,240.010000,240.400000,236.500000,236.540000,-3.760000,276.860000,210.000000
15:36:51,236.340000,169.000000,334725.000000,2698.000000,236.420000,258.000000,531069.000000,3196.000000,240.010000,240.400000,236.330000,236.340000,-3.960000,276.860000,210.000000
15:37:51,236.200000,646.000000,336143.000000,2673.000000,236.210000,2.000000,529802.000000,3193.000000,240.010000,240.400000,236.200000,236.220000,-4.080000,276.860000,210.000000
15:38:51,236.150000,300.000000,325436.000000,2601.000000,236.170000,3.000000,531989.000000,3207.000000,240.010000,240.400000,236.040000,236.160000,-4.140000,276.860000,210.000000
15:39:51,236.420000,50.000000,332328.000000,2665.000000,236.490000,103.000000,526640.000000,3191.000000,240.010000,240.400000,236.040000,236.450000,-3.850000,276.860000,210.000000
15:40:51,236.380000,184.000000,333958.000000,2699.000000,236.420000,11.000000,527619.000000,3202.000000,240.010000,240.400000,236.040000,236.380000,-3.920000,276.860000,210.000000
15:41:51,236.440000,190.000000,336131.000000,2737.000000,236.480000,16.000000,522680.000000,3184.000000,240.010000,240.400000,236.040000,236.490000,-3.810000,276.860000,210.000000
15:42:51,236.610000,168.000000,341727.000000,2758.000000,236.620000,7.000000,516258.000000,3162.000000,240.010000,240.400000,236.040000,236.630000,-3.670000,276.860000,210.000000
15:43:51,236.640000,84.000000,348718.000000,2780.000000,236.650000,3.000000,519099.000000,3175.000000,240.010000,240.400000,236.040000,236.640000,-3.660000,276.860000,210.000000
15:44:51,236.510000,34.000000,347107.000000,2753.000000,236.520000,6.000000,520440.000000,3188.000000,240.010000,240.400000,236.040000,236.510000,-3.790000,276.860000,210.000000
15:45:51,236.520000,182.000000,348234.000000,2768.000000,236.530000,6.000000,521779.000000,3200.000000,240.010000,240.400000,236.040000,236.520000,-3.780000,276.860000,210.000000
15:46:51,236.470000,272.000000,345176.000000,2765.000000,236.480000,6.000000,523593.000000,3200.000000,240.010000,240.400000,236.040000,236.470000,-3.830000,276.860000,210.000000
15:47:51,236.480000,337.000000,349483.000000,2790.000000,236.500000,3.000000,522106.000000,3195.000000,240.010000,240.400000,236.040000,236.500000,-3.800000,276.860000,210.000000
15:48:51,236.420000,107.000000,350466.000000,2789.000000,236.430000,3.000000,523523.000000,3207.000000,240.010000,240.400000,236.040000,236.420000,-3.880000,276.860000,210.000000
15:49:51,236.460000,108.000000,350279.000000,2792.000000,236.480000,214.000000,523457.000000,3200.000000,240.010000,240.400000,236.040000,236.460000,-3.840000,276.860000,210.000000
15:50:51,236.310000,981.000000,348406.000000,2768.000000,236.350000,361.000000,526188.000000,3217.000000,240.010000,240.400000,236.040000,236.310000,-3.990000,276.860000,210.000000
15:51:51,236.210000,128.000000,343846.000000,2722.000000,236.220000,6.000000,527033.000000,3230.000000,240.010000,240.400000,236.040000,236.210000,-4.090000,276.860000,210.000000
15:52:51,236.300000,275.000000,343593.000000,2755.000000,236.360000,90.000000,522583.000000,3206.000000,240.010000,240.400000,236.040000,236.330000,-3.970000,276.860000,210.000000
15:53:51,236.310000,1553.000000,344653.000000,2763.000000,236.360000,60.000000,525040.000000,3208.000000,240.010000,240.400000,236.040000,236.310000,-3.990000,276.860000,210.000000
15:54:52,236.310000,428.000000,343541.000000,2783.000000,236.350000,123.000000,525490.000000,3212.000000,240.010000,240.400000,236.040000,236.310000,-3.990000,276.860000,210.000000
15:55:52,236.190000,43.000000,341929.000000,2740.000000,236.200000,6.000000,532350.000000,3230.000000,240.010000,240.400000,236.040000,236.190000,-4.110000,276.860000,210.000000
15:56:52,236.270000,422.000000,347764.000000,2786.000000,236.340000,138.000000,527426.000000,3217.000000,240.010000,240.400000,236.040000,236.280000,-4.020000,276.860000,210.000000
15:57:52,236.220000,16.000000,345482.000000,2783.000000,236.260000,3.000000,529909.000000,3239.000000,240.010000,240.400000,236.040000,236.260000,-4.040000,276.860000,210.000000
15:58:52,236.130000,164.000000,344272.000000,2793.000000,236.180000,176.000000,530140.000000,3241.000000,240.010000,240.400000,236.040000,236.150000,-4.150000,276.860000,210.000000
15:59:52,236.260000,5.000000,346092.000000,2816.000000,236.330000,229.000000,530874.000000,3228.000000,240.010000,240.400000,236.040000,236.260000,-4.040000,276.860000,210.000000
16:00:52,236.110000,342.000000,343339.000000,2788.000000,236.160000,106.000000,530788.000000,3229.000000,240.010000,240.400000,236.040000,236.110000,-4.190000,276.860000,210.000000
16:01:52,235.890000,10.000000,322400.000000,2455.000000,235.950000,497.000000,529699.000000,3225.000000,240.010000,240.400000,235.850000,235.890000,-4.410000,276.860000,210.000000
16:02:52,235.920000,48.000000,322534.000000,2525.000000,235.950000,1.000000,527455.000000,3232.000000,240.010000,240.400000,235.830000,235.950000,-4.350000,276.860000,210.000000
16:03:52,235.950000,309.000000,322799.000000,2577.000000,235.960000,3.000000,528807.000000,3243.000000,240.010000,240.400000,235.830000,235.950000,-4.350000,276.860000,210.000000
16:04:52,236.180000,175.000000,329620.000000,2634.000000,236.230000,16.000000,524016.000000,3215.000000,240.010000,240.400000,235.830000,236.230000,-4.070000,276.860000,210.000000
16:05:52,236.330000,1.000000,331365.000000,2661.000000,236.380000,6.000000,519723.000000,3187.000000,240.010000,240.400000,235.830000,236.340000,-3.960000,276.860000,210.000000
16:06:52,236.360000,110.000000,334360.000000,2699.000000,236.370000,19.000000,523558.000000,3184.000000,240.010000,240.400000,235.830000,236.370000,-3.930000,276.860000,210.000000
16:07:52,236.210000,39.000000,330193.000000,2683.000000,236.220000,7.000000,519718.000000,3205.000000,240.010000,240.400000,235.830000,236.210000,-4.090000,276.860000,210.000000
16:08:52,236.180000,39.000000,329640.000000,2713.000000,236.200000,3.000000,519957.000000,3216.000000,240.010000,240.400000,235.830000,236.200000,-4.100000,276.860000,210.000000
16:09:52,236.090000,130.000000,327567.000000,2744.000000,236.170000,4.000000,519152.000000,3213.000000,240.010000,240.400000,235.830000,236.100000,-4.200000,276.860000,210.000000
16:10:52,236.340000,333.000000,333316.000000,2777.000000,236.400000,521.000000,514830.000000,3186.000000,240.010000,240.400000,235.830000,236.400000,-3.900000,276.860000,210.000000
16:11:52,236.310000,26.000000,333147.000000,2784.000000,236.320000,5.000000,515493.000000,3196.000000,240.010000,240.400000,235.830000,236.310000,-3.990000,276.860000,210.000000
16:12:52,236.340000,244.000000,333203.000000,2788.000000,236.420000,16.000000,513730.000000,3202.000000,240.010000,240.400000,235.830000,236.410000,-3.890000,276.860000,210.000000
16:13:52,236.350000,922.000000,335479.000000,2769.000000,236.370000,507.000000,521178.000000,3215.000000,240.010000,240.400000,235.830000,236.360000,-3.940000,276.860000,210.000000
16:14:52,236.350000,1464.000000,335123.000000,2754.000000,236.360000,9.000000,517961.000000,3193.000000,240.010000,240.400000,235.830000,236.350000,-3.950000,276.860000,210.000000
16:15:52,236.360000,382.000000,340838.000000,2780.000000,236.370000,4.000000,523881.000000,3227.000000,240.010000,240.400000,235.830000,236.360000,-3.940000,276.860000,210.000000
16:16:52,236.360000,101.000000,344890.000000,2792.000000,236.370000,67.000000,523863.000000,3221.000000,240.010000,240.400000,235.830000,236.370000,-3.930000,276.860000,210.000000
16:17:52,236.360000,162.000000,343991.000000,2802.000000,236.400000,626.000000,522975.000000,3222.000000,240.010000,240.400000,235.830000,236.400000,-3.900000,276.860000,210.000000
16:18:52,236.350000,1169.000000,347718.000000,2819.000000,236.370000,5.000000,525596.000000,3222.000000,240.010000,240.400000,235.830000,236.350000,-3.950000,276.860000,210.000000
16:19:52,236.350000,1707.000000,348387.000000,2825.000000,236.420000,350.000000,523412.000000,3217.000000,240.010000,240.400000,235.830000,236.350000,-3.950000,276.860000,210.000000
16:20:52,236.380000,245.000000,349170.000000,2847.000000,236.390000,8.000000,523098.000000,3212.000000,240.010000,240.400000,235.830000,236.380000,-3.920000,276.860000,210.000000
16:21:53,236.510000,257.000000,356288.000000,2900.000000,236.520000,23.000000,511531.000000,3168.000000,240.010000,240.400000,235.830000,236.520000,-3.780000,276.860000,210.000000
16:22:52,236.400000,50.000000,345150.000000,2850.000000,236.450000,21.000000,515032.000000,3185.000000,240.010000,240.400000,235.830000,236.450000,-3.850000,276.860000,210.000000
16:23:52,236.350000,287.000000,345788.000000,2858.000000,236.360000,11.000000,521109.000000,3208.000000,240.010000,240.400000,235.830000,236.350000,-3.950000,276.860000,210.000000
16:24:52,236.360000,184.000000,347819.000000,2874.000000,236.390000,149.000000,523156.000000,3222.000000,240.010000,240.400000,235.830000,236.360000,-3.940000,276.860000,210.000000
16:25:52,236.360000,8.000000,346524.000000,2873.000000,236.370000,8.000000,523669.000000,3221.000000,240.010000,240.400000,235.830000,236.380000,-3.920000,276.860000,210.000000
16:26:53,236.360000,49.000000,346047.000000,2872.000000,236.370000,19.000000,523770.000000,3227.000000,240.010000,240.400000,235.830000,236.370000,-3.930000,276.860000,210.000000
16:27:52,236.350000,81.000000,347268.000000,2873.000000,236.380000,23.000000,523949.000000,3222.000000,240.010000,240.400000,235.830000,236.380000,-3.920000,276.860000,210.000000
16:28:53,236.300000,395.000000,345600.000000,2868.000000,236.310000,10.000000,524667.000000,3223.000000,240.010000,240.400000,235.830000,236.300000,-4.000000,276.860000,210.000000
16:29:53,236.290000,172.000000,347484.000000,2880.000000,236.300000,7.000000,525113.000000,3222.000000,240.010000,240.400000,235.830000,236.290000,-4.010000,276.860000,210.000000
16:30:53,236.200000,290.000000,354026.000000,2871.000000,236.240000,8.000000,527128.000000,3248.000000,240.010000,240.400000,235.830000,236.200000,-4.100000,276.860000,210.000000
16:31:53,236.280000,82.000000,357105.000000,2888.000000,236.290000,6.000000,521509.000000,3213.000000,240.010000,240.400000,235.830000,236.290000,-4.010000,276.860000,210.000000
16:32:53,236.450000,358.000000,362123.000000,2926.000000,236.490000,173.000000,517332.000000,3191.000000,240.010000,240.400000,235.830000,236.490000,-3.810000,276.860000,210.000000
16:33:53,236.460000,540.000000,365669.000000,2938.000000,236.470000,7.000000,515852.000000,3189.000000,240.010000,240.400000,235.830000,236.460000,-3.840000,276.860000,210.000000
16:34:53,236.490000,467.000000,368583.000000,2976.000000,236.500000,117.000000,515969.000000,3182.000000,240.010000,240.400000,235.830000,236.500000,-3.800000,276.860000,210.000000
16:35:53,236.490000,735.000000,369356.000000,2970.000000,236.500000,57.000000,517231.000000,3194.000000,240.010000,240.400000,235.830000,236.490000,-3.810000,276.860000,210.000000
16:36:53,236.470000,239.000000,367379.000000,2968.000000,236.500000,197.000000,511675.000000,3198.000000,240.010000,240.400000,235.830000,236.470000,-3.830000,276.860000,210.000000
16:37:53,236.600000,1.000000,372742.000000,3011.000000,236.610000,58.000000,507492.000000,3158.000000,240.010000,240.400000,235.830000,236.620000,-3.680000,276.860000,210.000000
16:38:53,236.560000,1.000000,371526.000000,3000.000000,236.590000,196.000000,508351.000000,3170.000000,240.010000,240.400000,235.830000,236.570000,-3.730000,276.860000,210.000000
16:39:53,236.580000,152.000000,376943.000000,3024.000000,236.590000,6.000000,514379.000000,3177.000000,240.010000,240.400000,235.830000,236.590000,-3.710000,276.860000,210.000000
16:40:53,236.620000,329.000000,379632.000000,3048.000000,236.670000,436.000000,514287.000000,3176.000000,240.010000,240.400000,235.830000,236.660000,-3.640000,276.860000,210.000000
16:41:53,236.690000,205.000000,374741.000000,3072.000000,236.700000,4.000000,512748.000000,3165.000000,240.010000,240.400000,235.830000,236.690000,-3.610000,276.860000,210.000000
16:42:53,236.820000,174.000000,382156.000000,3108.000000,236.830000,6.000000,509273.000000,3147.000000,240.010000,240.400000,235.830000,236.850000,-3.450000,276.860000,210.000000
16:43:53,236.800000,1465.000000,380508.000000,3111.000000,236.810000,28.000000,512118.000000,3165.000000,240.010000,240.400000,235.830000,236.800000,-3.500000,276.860000,210.000000
16:44:53,236.800000,251.000000,378488.000000,3107.000000,236.810000,8.000000,512198.000000,3174.000000,240.010000,240.400000,235.830000,236.800000,-3.500000,276.860000,210.000000
16:45:53,236.810000,771.000000,381638.000000,3133.000000,236.820000,21.000000,522720.000000,3180.000000,240.010000,240.400000,235.830000,236.820000,-3.480000,276.860000,210.000000
16:46:53,236.810000,175.000000,380049.000000,3126.000000,236.820000,4.000000,515997.000000,3178.000000,240.010000,240.400000,235.830000,236.830000,-3.470000,276.860000,210.000000
16:47:53,236.620000,191.000000,369531.000000,3073.000000,236.640000,319.000000,521055.000000,3209.000000,240.010000,240.400000,235.830000,236.640000,-3.660000,276.860000,210.000000
16:48:53,236.580000,457.000000,367068.000000,3056.000000,236.590000,20.000000,523742.000000,3221.000000,240.010000,240.400000,235.830000,236.580000,-3.720000,276.860000,210.000000
16:49:54,236.560000,338.000000,363491.000000,3049.000000,236.590000,69.000000,521944.000000,3216.000000,240.010000,240.400000,235.830000,236.570000,-3.730000,276.860000,210.000000
16:50:53,236.580000,270.000000,363068.000000,3064.000000,236.590000,7.000000,522328.000000,3221.000000,240.010000,240.400000,235.830000,236.580000,-3.720000,276.860000,210.000000
16:51:53,236.570000,669.000000,365879.000000,3080.000000,236.580000,3.000000,535941.000000,3221.000000,240.010000,240.400000,235.830000,236.570000,-3.730000,276.860000,210.000000
16:52:53,236.570000,582.000000,368990.000000,3086.000000,236.580000,7.000000,554065.000000,3224.000000,240.010000,240.400000,235.830000,236.580000,-3.720000,276.860000,210.000000
16:53:54,236.550000,504.000000,371978.000000,3071.000000,236.590000,24.000000,561994.000000,3232.000000,240.010000,240.400000,235.830000,236.590000,-3.710000,276.860000,210.000000
16:54:54,236.500000,1006.000000,367916.000000,3055.000000,236.560000,110.000000,557898.000000,3240.000000,240.010000,240.400000,235.830000,236.500000,-3.800000,276.860000,210.000000
16:55:54,236.550000,78.000000,373452.000000,3072.000000,236.560000,7.000000,556709.000000,3242.000000,240.010000,240.400000,235.830000,236.550000,-3.750000,276.860000,210.000000
16:56:54,236.500000,1521.000000,373248.000000,3074.000000,236.510000,8.000000,559255.000000,3253.000000,240.010000,240.400000,235.830000,236.500000,-3.800000,276.860000,210.000000
16:57:54,236.340000,39.000000,365652.000000,3011.000000,236.350000,6.000000,561232.000000,3260.000000,240.010000,240.400000,235.830000,236.350000,-3.950000,276.860000,210.000000
16:58:54,236.340000,190.000000,367871.000000,3034.000000,236.350000,4.000000,565681.000000,3258.000000,240.010000,240.400000,235.830000,236.340000,-3.960000,276.860000,210.000000
16:59:54,236.310000,66.000000,366085.000000,3047.000000,236.320000,7.000000,566285.000000,3263.000000,240.010000,240.400000,235.830000,236.310000,-3.990000,276.860000,210.000000
17:00:54,236.350000,64.000000,369095.000000,3078.000000,236.360000,7.000000,555542.000000,3174.000000,240.010000,240.400000,235.830000,236.350000,-3.950000,276.860000,210.000000
17:01:54,236.320000,66.000000,364788.000000,3078.000000,236.330000,5.000000,556483.000000,3182.000000,240.010000,240.400000,235.830000,236.320000,-3.980000,276.860000,210.000000
17:02:54,236.360000,107.000000,365590.000000,3099.000000,236.380000,4.000000,553980.000000,3175.000000,240.010000,240.400000,235.830000,236.370000,-3.930000,276.860000,210.000000
17:03:54,236.390000,54.000000,369091.000000,3126.000000,236.420000,149.000000,552242.000000,3170.000000,240.010000,240.400000,235.830000,236.390000,-3.910000,276.860000,210.000000
17:04:54,236.400000,848.000000,369677.000000,3134.000000,236.480000,407.000000,555324.000000,3174.000000,240.010000,240.400000,235.830000,236.480000,-3.820000,276.860000,210.000000
17:05:54,236.390000,128.000000,370389.000000,3149.000000,236.410000,44.000000,556521.000000,3174.000000,240.010000,240.400000,235.830000,236.390000,-3.910000,276.860000,210.000000
17:06:54,236.560000,429.000000,376947.000000,3152.000000,236.630000,22.000000,550604.000000,3161.000000,240.010000,240.400000,235.830000,236.610000,-3.690000,276.860000,210.000000
17:07:54,236.610000,371.000000,379376.000000,3174.000000,236.620000,8.000000,550812.000000,3164.000000,240.010000,240.400000,235.830000,236.610000,-3.690000,276.860000,210.000000
17:08:54,236.760000,1029.000000,381358.000000,3177.000000,236.840000,178.000000,541014.000000,3137.000000,240.010000,240.400000,235.830000,236.770000,-3.530000,276.860000,210.000000
17:09:54,236.820000,175.000000,385815.000000,3223.000000,236.830000,6.000000,543811.000000,3131.000000,240.010000,240.400000,235.830000,236.820000,-3.480000,276.860000,210.000000
17:10:54,236.830000,733.000000,388334.000000,3233.000000,236.900000,403.000000,538584.000000,3082.000000,240.010000,240.400000,235.830000,236.910000,-3.390000,276.860000,210.000000
17:11:54,236.730000,156.000000,370803.000000,3193.000000,236.740000,403.000000,542245.000000,3106.000000,240.010000,240.400000,235.830000,236.740000,-3.560000,276.860000,210.000000
17:12:54,236.590000,5.000000,369881.000000,3174.000000,236.620000,103.000000,543037.000000,3114.000000,240.010000,240.400000,235.830000,236.600000,-3.700000,276.860000,210.000000
17:13:54,236.640000,194.000000,369505.000000,3185.000000,236.650000,3.000000,545210.000000,3118.000000,240.010000,240.400000,235.830000,236.640000,-3.660000,276.860000,210.000000
17:14:54,236.570000,239.000000,364331.000000,3165.000000,236.640000,403.000000,546418.000000,3119.000000,240.010000,240.400000,235.830000,236.600000,-3.700000,276.860000,210.000000
17:15:54,236.640000,142.000000,368253.000000,3191.000000,236.660000,6.000000,548985.000000,3131.000000,240.010000,240.400000,235.830000,236.660000,-3.640000,276.860000,210.000000
17:16:54,236.610000,905.000000,367009.000000,3193.000000,236.630000,506.000000,549877.000000,3138.000000,240.010000,240.400000,235.830000,236.610000,-3.690000,276.860000,210.000000
17:17:54,236.560000,172.000000,364679.000000,3193.000000,236.620000,62.000000,548560.000000,3120.000000,240.010000,240.400000,235.830000,236.560000,-3.740000,276.860000,210.000000
17:18:54,236.560000,1616.000000,367632.000000,3207.000000,236.570000,3.000000,551002.000000,3124.000000,240.010000,240.400000,235.830000,236.560000,-3.740000,276.860000,210.000000
17:19:54,236.620000,1484.000000,369551.000000,3245.000000,236.660000,100.000000,550094.000000,3116.000000,240.010000,240.400000,235.830000,236.630000,-3.670000,276.860000,210.000000
17:20:54,236.630000,88.000000,372554.000000,3240.000000,236.670000,153.000000,547542.000000,3114.000000,240.010000,240.400000,235.830000,236.630000,-3.670000,276.860000,210.000000
17:21:54,236.630000,1322.000000,375337.000000,3239.000000,236.640000,7.000000,550317.000000,3120.000000,240.010000,240.400000,235.830000,236.630000,-3.670000,276.860000,210.000000
17:22:54,236.690000,104.000000,375822.000000,3262.000000,236.700000,6.000000,550612.000000,3122.000000,240.010000,240.400000,235.830000,236.690000,-3.610000,276.860000,210.000000
17:23:54,236.650000,295.000000,375488.000000,3254.000000,236.700000,222.000000,550662.000000,3128.000000,240.010000,240.400000,235.830000,236.650000,-3.650000,276.860000,210.000000
17:24:54,236.680000,240.000000,379581.000000,3267.000000,236.690000,3.000000,552893.000000,3138.000000,240.010000,240.400000,235.830000,236.680000,-3.620000,276.860000,210.000000
17:25:54,236.600000,630.000000,373219.000000,3234.000000,236.610000,20.000000,552672.000000,3146.000000,240.010000,240.400000,235.830000,236.610000,-3.690000,276.860000,210.000000
17:26:55,236.560000,32.000000,376985.000000,3251.000000,236.580000,56.000000,555209.000000,3155.000000,240.010000,240.400000,235.830000,236.560000,-3.740000,276.860000,210.000000
17:27:55,236.550000,386.000000,374304.000000,3226.000000,236.590000,259.000000,556829.000000,3166.000000,240.010000,240.400000,235.830000,236.590000,-3.710000,276.860000,210.000000
