TIME,BID,BIDDEPTH,BIDDEPTHT,NUMBIDS,OFFER,OFFERDEPTH,OFFERDEPTHT,NUMOFFERS,OPEN,HIGH,LOW,LAST,CHANGE,QTY,VALUE,HIGHBID,LOWOFFER,NUMTRADES
10:01:17,246.330000,25.000000,120555.000000,1410.000000,246.410000,198.000000,136957.000000,1068.000000,246.980000,246.980000,246.270000,246.310000,0.810000,255.520000,238.550000
10:02:17,246.170000,38.000000,155466.000000,1506.000000,246.270000,400.000000,146925.000000,1156.000000,246.980000,246.980000,246.020000,246.270000,0.770000,255.520000,238.550000
10:03:18,246.880000,100.000000,168461.000000,1571.000000,246.980000,831.000000,149660.000000,1162.000000,246.980000,246.980000,246.020000,246.970000,1.470000,255.520000,238.550000
10:04:18,247.150000,95.000000,194154.000000,1616.000000,247.190000,138.000000,171849.000000,1183.000000,246.980000,247.470000,246.020000,247.190000,1.690000,255.520000,238.550000
10:05:18,247.050000,215.000000,199307.000000,1652.000000,247.140000,841.000000,202861.000000,1259.000000,246.980000,247.470000,246.020000,247.060000,1.560000,255.520000,238.550000
10:06:18,247.200000,3032.000000,209416.000000,1699.000000,247.310000,685.000000,211601.000000,1265.000000,246.980000,247.470000,246.020000,247.310000,1.810000,255.520000,238.550000
10:07:18,247.650000,50.000000,224645.000000,1784.000000,247.710000,150.000000,208660.000000,1230.000000,246.980000,247.770000,246.020000,247.700000,2.200000,255.520000,238.550000
10:08:18,247.560000,47.000000,225673.000000,1805.000000,247.680000,175.000000,215569.000000,1272.000000,246.980000,247.820000,246.020000,247.640000,2.140000,255.520000,238.550000
10:09:18,247.640000,43.000000,239976.000000,1841.000000,247.740000,366.000000,216981.000000,1333.000000,246.980000,247.820000,246.020000,247.720000,2.220000,255.520000,238.550000
10:10:18,247.840000,86.000000,237278.000000,1878.000000,247.890000,2122.000000,221221.000000,1326.000000,246.980000,247.890000,246.020000,247.890000,2.390000,255.520000,238.550000
10:11:18,247.700000,114.000000,225038.000000,1862.000000,247.730000,1.000000,228342.000000,1359.000000,246.980000,248.080000,246.020000,247.780000,2.280000,256.000000,238.550000
10:12:18,247.570000,200.000000,232350.000000,1905.000000,247.680000,400.000000,246718.000000,1395.000000,246.980000,248.080000,246.020000,247.600000,2.100000,256.000000,238.550000
10:13:18,246.760000,213.000000,217293.000000,1772.000000,246.880000,500.000000,264028.000000,1470.000000,246.980000,248.080000,246.020000,246.870000,1.370000,256.000000,238.550000
10:14:18,246.650000,800.000000,227168.000000,1870.000000,246.760000,400.000000,266925.000000,1509.000000,246.980000,248.080000,246.020000,246.710000,1.210000,256.000000,238.550000
10:15:18,246.700000,3.000000,228735.000000,1904.000000,246.820000,52.000000,266974.000000,1513.000000,246.980000,248.080000,246.020000,246.810000,1.310000,256.000000,238.550000
10:16:18,246.420000,461.000000,223379.000000,1899.000000,246.550000,175.000000,272429.000000,1556.000000,246.980000,248.080000,246.020000,246.430000,0.930000,256.000000,238.550000
10:17:18,246.260000,1.000000,218287.000000,1888.000000,246.340000,1440.000000,276103.000000,1564.000000,246.980000,248.080000,246.020000,246.300000,0.800000,256.000000,238.550000
10:18:18,245.420000,175.000000,175281.000000,1500.000000,245.480000,88.000000,281339.000000,1618.000000,246.980000,248.080000,245.350000,245.480000,-0.020000,256.000000,238.550000
10:19:18,245.700000,210.000000,204861.000000,1731.000000,245.820000,52.000000,278174.000000,1610.000000,246.980000,248.080000,245.350000,245.790000,0.290000,256.000000,238.550000
10:20:18,245.880000,10.000000,217002.000000,1842.000000,245.960000,400.000000,282370.000000,1658.000000,246.980000,248.080000,245.350000,245.970000,0.470000,256.000000,238.550000
10:21:18,245.540000,2.000000,214172.000000,1837.000000,245.580000,400.000000,290889.000000,1721.000000,246.980000,248.080000,245.350000,245.580000,0.080000,256.000000,238.550000
10:22:18,245.310000,175.000000,204082.000000,1757.000000,245.390000,340.000000,298122.000000,1730.000000,246.980000,248.080000,245.250000,245.340000,-0.160000,256.000000,238.550000
10:23:18,245.430000,275.000000,219628.000000,1866.000000,245.510000,9.000000,299582.000000,1738.000000,246.980000,248.080000,245.250000,245.510000,0.010000,256.000000,238.550000
10:24:18,245.300000,25.000000,214655.000000,1881.000000,245.390000,401.000000,305619.000000,1773.000000,246.980000,248.080000,245.250000,245.380000,-0.120000,256.000000,238.550000
10:25:18,245.100000,645.000000,213256.000000,1859.000000,245.110000,399.000000,308483.000000,1798.000000,246.980000,248.080000,245.100000,245.110000,-0.390000,256.000000,238.550000
10:26:18,245.240000,7.000000,220995.000000,1974.000000,245.290000,400.000000,307499.000000,1815.000000,246.980000,248.080000,245.100000,245.240000,-0.260000,256.000000,238.550000
10:27:19,245.320000,175.000000,230956.000000,2054.000000,245.400000,231.000000,308864.000000,1841.000000,246.980000,248.080000,245.100000,245.400000,-0.100000,256.000000,238.550000
10:28:18,245.480000,247.000000,236612.000000,2073.000000,245.550000,1260.000000,308548.000000,1850.000000,246.980000,248.080000,245.100000,245.510000,0.010000,256.000000,238.550000
10:29:18,245.380000,55.000000,237191.000000,2105.000000,245.420000,10.000000,312631.000000,1872.000000,246.980000,248.080000,245.100000,245.430000,-0.070000,256.000000,238.550000
10:30:19,245.600000,175.000000,254552.000000,2186.000000,245.680000,1.000000,308923.000000,1851.000000,246.980000,248.080000,245.100000,245.680000,0.180000,256.000000,238.550000
10:31:19,245.900000,5.000000,264106.000000,2251.000000,245.980000,511.000000,306371.000000,1828.000000,246.980000,248.080000,245.100000,245.980000,0.480000,256.000000,238.550000
10:32:19,246.050000,100.000000,263649.000000,2253.000000,246.100000,38.000000,304274.000000,1852.000000,246.980000,248.080000,245.100000,246.080000,0.580000,256.000000,238.550000
10:33:19,246.020000,248.000000,267296.000000,2300.000000,246.060000,650.000000,309475.000000,1873.000000,246.980000,248.080000,245.100000,246.070000,0.570000,256.000000,238.550000
10:34:19,245.770000,10.000000,261737.000000,2279.000000,245.840000,400.000000,311011.000000,1924.000000,246.980000,248.080000,245.100000,245.800000,0.300000,256.000000,238.550000
10:35:19,245.350000,150.000000,253799.000000,2234.000000,245.440000,38.000000,317465.000000,1943.000000,246.980000,248.080000,245.100000,245.360000,-0.140000,256.000000,238.550000
10:36:19,245.410000,100.000000,256909.000000,2270.000000,245.520000,100.000000,341361.000000,1974.000000,246.980000,248.080000,245.100000,245.500000,0.000000,256.000000,238.550000
10:37:19,245.410000,43.000000,268920.000000,2329.000000,245.510000,167.000000,340765.000000,1968.000000,246.980000,248.080000,245.100000,245.510000,0.010000,256.000000,238.550000
10:38:19,245.380000,20.000000,268148.000000,2360.000000,245.450000,400.000000,349434.000000,1997.000000,246.980000,248.080000,245.100000,245.380000,-0.120000,256.000000,238.550000
10:39:19,245.400000,80.000000,272834.000000,2390.000000,245.420000,400.000000,354793.000000,2020.000000,246.980000,248.080000,245.100000,245.400000,-0.100000,256.000000,238.550000
10:40:19,245.390000,141.000000,274829.000000,2439.000000,245.440000,95.000000,354229.000000,2018.000000,246.980000,248.080000,245.100000,245.440000,-0.060000,256.000000,238.550000
10:41:19,245.380000,20.000000,275847.000000,2459.000000,245.400000,70.000000,356922.000000,2026.000000,246.980000,248.080000,245.100000,245.400000,-0.100000,256.000000,238.550000
10:42:19,245.220000,53.000000,259721.000000,2366.000000,245.320000,167.000000,358134.000000,2045.000000,246.980000,248.080000,245.100000,245.240000,-0.260000,256.000000,238.550000
10:43:19,245.300000,254.000000,264477.000000,2418.000000,245.400000,705.000000,355085.000000,2037.000000,246.980000,248.080000,245.100000,245.400000,-0.100000,256.000000,238.550000
10:44:19,245.290000,270.000000,265520.000000,2442.000000,245.360000,157.000000,356394.000000,2054.000000,246.980000,248.080000,245.100000,245.290000,-0.210000,256.000000,238.550000
10:45:19,245.230000,250.000000,262619.000000,2429.000000,245.300000,249.000000,367953.000000,2073.000000,246.980000,248.080000,245.100000,245.300000,-0.200000,256.000000,238.550000
10:46:19,245.170000,175.000000,259803.000000,2417.000000,245.230000,854.000000,369746.000000,2086.000000,246.980000,248.080000,245.100000,245.230000,-0.270000,256.000000,238.550000
10:47:19,245.120000,38.000000,267245.000000,2420.000000,245.200000,5.000000,370535.000000,2094.000000,246.980000,248.080000,245.100000,245.120000,-0.380000,256.000000,238.550000
10:48:19,245.140000,375.000000,269357.000000,2434.000000,245.200000,61.000000,367303.000000,2093.000000,246.980000,248.080000,245.100000,245.160000,-0.340000,256.000000,238.550000
10:49:19,245.110000,6.000000,264987.000000,2349.000000,245.220000,276.000000,368874.000000,2105.000000,246.980000,248.080000,245.050000,245.210000,-0.290000,256.000000,238.550000
10:50:20,245.060000,367.000000,260618.000000,2363.000000,245.100000,416.000000,369133.000000,2114.000000,246.980000,248.080000,245.050000,245.100000,-0.400000,256.000000,238.550000
10:51:19,244.950000,150.000000,222827.000000,1964.000000,244.970000,200.000000,370268.000000,2121.000000,246.980000,248.080000,244.850000,244.950000,-0.550000,256.000000,238.550000
10:52:20,244.850000,30.000000,234978.000000,1970.000000,244.860000,46.000000,372764.000000,2138.000000,246.980000,248.080000,244.800000,244.860000,-0.640000,256.000000,238.550000
10:53:19,244.630000,1.000000,224939.000000,1864.000000,244.670000,10.000000,369075.000000,2145.000000,246.980000,248.080000,244.550000,244.670000,-0.830000,256.000000,238.550000
10:54:20,244.450000,140.000000,215621.000000,1759.000000,244.470000,9.000000,389270.000000,2160.000000,246.980000,248.080000,244.350000,244.450000,-1.050000,256.000000,238.550000
10:55:20,244.500000,162.000000,227731.000000,1849.000000,244.520000,145.000000,372078.000000,2174.000000,246.980000,248.080000,244.350000,244.600000,-0.900000,256.000000,238.550000
10:56:20,244.690000,15.000000,236903.000000,1960.000000,244.700000,921.000000,370903.000000,2159.000000,246.980000,248.080000,244.350000,244.690000,-0.810000,256.000000,238.550000
10:57:20,244.900000,1192.000000,245542.000000,2027.000000,244.980000,113.000000,371676.000000,2162.000000,246.980000,248.080000,244.350000,244.980000,-0.520000,256.000000,238.550000
10:58:20,244.890000,262.000000,247963.000000,2055.000000,244.990000,275.000000,373261.000000,2175.000000,246.980000,248.080000,244.350000,245.000000,-0.500000,256.000000,235.390000
10:59:20,244.920000,23.000000,245321.000000,2081.000000,244.990000,158.000000,370729.000000,2174.000000,246.980000,248.080000,244.350000,244.990000,-0.510000,256.000000,235.390000
11:00:20,245.060000,375.000000,248853.000000,2136.000000,245.150000,222.000000,369417.000000,2156.000000,246.980000,248.080000,244.350000,245.150000,-0.350000,256.000000,235.390000
11:01:21,245.150000,304.000000,243325.000000,2144.000000,245.250000,100.000000,370678.000000,2180.000000,246.980000,248.080000,244.350000,245.150000,-0.350000,256.000000,235.390000
11:02:21,245.010000,39.000000,243557.000000,2162.000000,245.050000,439.000000,375063.000000,2208.000000,246.980000,248.080000,244.350000,245.050000,-0.450000,256.000000,235.390000
11:03:21,245.080000,1.000000,247447.000000,2183.000000,245.100000,200.000000,375779.000000,2216.000000,246.980000,248.080000,244.350000,245.100000,-0.400000,256.000000,235.390000
11:04:21,245.140000,1.000000,263813.000000,2206.000000,245.210000,10.000000,375346.000000,2220.000000,246.980000,248.080000,244.350000,245.220000,-0.280000,256.000000,235.390000
11:05:21,244.990000,40.000000,247445.000000,2194.000000,245.070000,100.000000,377423.000000,2228.000000,246.980000,248.080000,244.350000,245.040000,-0.460000,256.000000,235.390000
11:06:21,244.900000,1151.000000,247742.000000,2197.000000,244.980000,400.000000,377685.000000,2245.000000,246.980000,248.080000,244.350000,244.970000,-0.530000,256.000000,235.390000
11:07:21,245.190000,2.000000,262251.000000,2259.000000,245.300000,261.000000,376591.000000,2225.000000,246.980000,248.080000,244.350000,245.290000,-0.210000,256.000000,235.390000
11:08:21,245.080000,16.000000,253055.000000,2279.000000,245.150000,333.000000,381382.000000,2234.000000,246.980000,248.080000,244.350000,245.130000,-0.370000,256.000000,235.390000
11:09:21,245.110000,53.000000,261977.000000,2309.000000,245.130000,200.000000,381462.000000,2236.000000,246.980000,248.080000,244.350000,245.130000,-0.370000,256.000000,235.390000
11:10:21,245.080000,348.000000,267751.000000,2342.000000,245.150000,470.000000,381811.000000,2234.000000,246.980000,248.080000,244.350000,245.150000,-0.350000,256.000000,235.390000
11:11:21,245.090000,110.000000,272501.000000,2395.000000,245.190000,174.000000,384207.000000,2242.000000,246.980000,248.080000,244.350000,245.190000,-0.310000,256.000000,235.390000
11:12:21,245.100000,220.000000,273629.000000,2415.000000,245.170000,59.000000,386279.000000,2254.000000,246.980000,248.080000,244.350000,245.110000,-0.390000,256.000000,235.390000
11:13:21,245.120000,100.000000,274692.000000,2427.000000,245.150000,58.000000,391525.000000,2270.000000,246.980000,248.080000,244.350000,245.150000,-0.350000,256.000000,235.390000
11:14:21,245.100000,1.000000,273648.000000,2415.000000,245.150000,249.000000,392742.000000,2279.000000,246.980000,248.080000,244.350000,245.150000,-0.350000,256.000000,235.390000
11:15:21,245.050000,10.000000,273512.000000,2408.000000,245.070000,485.000000,395854.000000,2311.000000,246.980000,248.080000,244.350000,245.070000,-0.430000,256.000000,235.390000
11:16:21,245.010000,209.000000,274116.000000,2431.000000,245.050000,39.000000,395258.000000,2315.000000,246.980000,248.080000,244.350000,245.050000,-0.450000,256.000000,235.390000
11:17:21,244.750000,543.000000,252081.000000,2331.000000,244.760000,1225.000000,396226.000000,2336.000000,246.980000,248.080000,244.350000,244.760000,-0.740000,256.000000,235.390000
11:18:22,244.730000,178.000000,254400.000000,2368.000000,244.840000,100.000000,393635.000000,2318.000000,246.980000,248.080000,244.350000,244.730000,-0.770000,256.000000,235.390000
11:19:22,244.760000,54.000000,250127.000000,2382.000000,244.800000,368.000000,395780.000000,2331.000000,246.980000,248.080000,244.350000,244.800000,-0.700000,256.000000,235.390000
11:20:23,244.830000,5.000000,253615.000000,2392.000000,244.860000,379.000000,389063.000000,2332.000000,246.980000,248.080000,244.350000,244.860000,-0.640000,256.000000,235.390000
11:21:23,244.700000,137.000000,251658.000000,2402.000000,244.790000,519.000000,396019.000000,2356.000000,246.980000,248.080000,244.350000,244.700000,-0.800000,256.000000,235.390000
11:22:23,244.600000,140.000000,251319.000000,2374.000000,244.640000,305.000000,404957.000000,2377.000000,246.980000,248.080000,244.350000,244.640000,-0.860000,256.000000,235.390000
11:23:23,244.600000,9.000000,252380.000000,2403.000000,244.670000,142.000000,402697.000000,2373.000000,246.980000,248.080000,244.350000,244.550000,-0.950000,256.000000,235.390000
11:24:23,244.550000,100.000000,251856.000000,2421.000000,244.580000,307.000000,405938.000000,2400.000000,246.980000,248.080000,244.350000,244.550000,-0.950000,256.000000,235.390000
11:25:23,244.190000,140.000000,219997.000000,1909.000000,244.320000,165.000000,401482.000000,2370.000000,246.980000,248.080000,244.000000,244.320000,-1.180000,256.000000,235.390000
11:26:23,244.070000,14.000000,230610.000000,1933.000000,244.140000,126.000000,408565.000000,2416.000000,246.980000,248.080000,244.000000,244.070000,-1.430000,256.000000,235.390000
11:27:23,244.220000,8.000000,241884.000000,2032.000000,244.230000,1.000000,409191.000000,2426.000000,246.980000,248.080000,244.000000,244.300000,-1.200000,256.000000,235.390000
11:28:23,244.360000,222.000000,248163.000000,2089.000000,244.480000,100.000000,405386.000000,2396.000000,246.980000,248.080000,244.000000,244.490000,-1.010000,256.000000,235.390000
11:29:23,244.470000,671.000000,253002.000000,2138.000000,244.530000,55.000000,404858.000000,2417.000000,246.980000,248.080000,244.000000,244.470000,-1.030000,256.000000,235.390000
11:30:23,244.500000,1.000000,252821.000000,2156.000000,244.540000,20.000000,416006.000000,2440.000000,246.980000,248.080000,244.000000,244.470000,-1.030000,256.000000,235.390000
11:31:23,244.610000,116.000000,258948.000000,2210.000000,244.680000,50.000000,412035.000000,2417.000000,246.980000,248.080000,244.000000,244.700000,-0.800000,256.000000,235.390000
11:32:23,244.720000,29.000000,263279.000000,2225.000000,244.840000,154.000000,410119.000000,2418.000000,246.980000,248.080000,244.000000,244.720000,-0.780000,256.000000,235.390000
11:33:23,244.700000,45.000000,263065.000000,2237.000000,244.820000,376.000000,408547.000000,2434.000000,246.980000,248.080000,244.000000,244.750000,-0.750000,256.000000,235.390000
11:34:23,244.810000,1.000000,267499.000000,2288.000000,244.870000,521.000000,421447.000000,2421.000000,246.980000,248.080000,244.000000,244.870000,-0.630000,256.000000,235.390000
11:35:23,244.850000,48.000000,268013.000000,2315.000000,244.930000,1.000000,430649.000000,2408.000000,246.980000,248.080000,244.000000,244.890000,-0.610000,256.000000,235.390000
11:36:23,245.020000,249.000000,270278.000000,2355.000000,245.120000,3.000000,426016.000000,2377.000000,246.980000,248.080000,244.000000,245.110000,-0.390000,256.000000,235.390000
11:37:23,244.860000,138.000000,263310.000000,2320.000000,244.980000,50.000000,431552.000000,2423.000000,246.980000,248.080000,244.000000,244.870000,-0.630000,256.000000,235.390000
11:38:24,244.560000,1.000000,260630.000000,2305.000000,244.620000,8.000000,440881.000000,2456.000000,246.980000,248.080000,244.000000,244.620000,-0.880000,256.000000,235.390000
11:39:24,244.520000,451.000000,261279.000000,2256.000000,244.580000,200.000000,441766.000000,2439.000000,246.980000,248.080000,244.000000,244.570000,-0.930000,256.000000,235.390000
11:40:24,244.320000,175.000000,256160.000000,2230.000000,244.370000,287.000000,443712.000000,2453.000000,246.980000,248.080000,244.000000,244.370000,-1.130000,256.000000,235.390000
11:41:24,244.320000,245.000000,257816.000000,2258.000000,244.340000,1.000000,443519.000000,2451.000000,246.980000,248.080000,244.000000,244.320000,-1.180000,256.000000,235.390000
11:42:24,244.380000,50.000000,261634.000000,2283.000000,244.400000,1.000000,443169.000000,2454.000000,246.980000,248.080000,244.000000,244.400000,-1.100000,256.000000,235.390000
11:43:24,244.190000,4.000000,263152.000000,2299.000000,244.220000,564.000000,445645.000000,2474.000000,246.980000,248.080000,244.000000,244.220000,-1.280000,256.000000,235.390000
11:44:24,244.320000,790.000000,265847.000000,2272.000000,244.380000,100.000000,442348.000000,2462.000000,246.980000,248.080000,244.000000,244.390000,-1.110000,256.000000,235.390000
11:45:24,244.330000,53.000000,273407.000000,2313.000000,244.400000,52.000000,441096.000000,2465.000000,246.980000,248.080000,244.000000,244.400000,-1.100000,256.000000,235.390000
11:46:24,244.270000,417.000000,261885.000000,2283.000000,244.280000,400.000000,448988.000000,2497.000000,246.980000,248.080000,244.000000,244.270000,-1.230000,256.000000,235.390000
11:47:24,244.300000,396.000000,265701.000000,2327.000000,244.390000,400.000000,448574.000000,2500.000000,246.980000,248.080000,244.000000,244.300000,-1.200000,256.000000,235.390000
11:48:24,244.400000,865.000000,271484.000000,2367.000000,244.500000,246.000000,444950.000000,2481.000000,246.980000,248.080000,244.000000,244.500000,-1.000000,256.000000,235.390000
11:49:24,244.580000,224.000000,279500.000000,2419.000000,244.690000,1.000000,443043.000000,2466.000000,246.980000,248.080000,244.000000,244.660000,-0.840000,256.000000,235.390000
11:50:24,244.900000,41.000000,285472.000000,2465.000000,244.940000,604.000000,442148.000000,2454.000000,246.980000,248.080000,244.000000,244.900000,-0.600000,256.000000,235.390000
11:51:24,244.700000,43.000000,285781.000000,2462.000000,244.780000,175.000000,445811.000000,2481.000000,246.980000,248.080000,244.000000,244.800000,-0.700000,256.000000,235.390000
11:52:24,244.510000,145.000000,285212.000000,2482.000000,244.610000,5.000000,466913.000000,2495.000000,246.980000,248.080000,244.000000,244.610000,-0.890000,256.000000,235.390000
11:53:24,244.510000,214.000000,288417.000000,2497.000000,244.590000,262.000000,469556.000000,2514.000000,246.980000,248.080000,244.000000,244.590000,-0.910000,256.000000,235.390000
11:54:24,244.370000,2149.000000,297676.000000,2473.000000,244.400000,87.000000,471930.000000,2532.000000,246.980000,248.080000,244.000000,244.400000,-1.100000,256.000000,235.390000
11:55:24,244.450000,53.000000,301839.000000,2508.000000,244.560000,29.000000,469802.000000,2520.000000,246.980000,248.080000,244.000000,244.560000,-0.940000,256.000000,235.390000
11:56:24,244.610000,1.000000,302853.000000,2541.000000,244.670000,632.000000,469149.000000,2511.000000,246.980000,248.080000,244.000000,244.650000,-0.850000,256.000000,235.390000
11:57:25,244.580000,10.000000,303406.000000,2549.000000,244.660000,123.000000,469456.000000,2525.000000,246.980000,248.080000,244.000000,244.660000,-0.840000,256.000000,235.390000
11:58:25,244.500000,236.000000,301476.000000,2542.000000,244.560000,10.000000,472628.000000,2543.000000,246.980000,248.080000,244.000000,244.570000,-0.930000,256.000000,235.390000
11:59:25,244.420000,78.000000,302455.000000,2540.000000,244.500000,711.000000,475525.000000,2557.000000,246.980000,248.080000,244.000000,244.500000,-1.000000,256.000000,235.390000
12:00:25,244.380000,1.000000,302672.000000,2542.000000,244.440000,46.000000,477056.000000,2559.000000,246.980000,248.080000,244.000000,244.440000,-1.060000,256.000000,235.390000
12:01:25,244.430000,8.000000,305024.000000,2561.000000,244.500000,319.000000,474461.000000,2539.000000,246.980000,248.080000,244.000000,244.500000,-1.000000,256.000000,235.390000
12:02:25,244.500000,28.000000,306903.000000,2579.000000,244.560000,75.000000,473947.000000,2537.000000,246.980000,248.080000,244.000000,244.500000,-1.000000,256.000000,235.390000
12:03:25,244.490000,250.000000,310713.000000,2586.000000,244.560000,440.000000,474738.000000,2558.000000,246.980000,248.080000,244.000000,244.560000,-0.940000,256.000000,235.390000
12:04:25,244.450000,8.000000,310473.000000,2589.000000,244.530000,99.000000,476803.000000,2574.000000,246.980000,248.080000,244.000000,244.450000,-1.050000,256.000000,235.390000
12:05:25,244.420000,200.000000,311083.000000,2595.000000,244.500000,111.000000,476946.000000,2561.000000,246.980000,248.080000,244.000000,244.480000,-1.020000,256.000000,235.390000
12:06:25,244.450000,50.000000,304726.000000,2600.000000,244.520000,45.000000,473292.000000,2559.000000,246.980000,248.080000,244.000000,244.480000,-1.020000,256.000000,235.390000
12:07:25,244.510000,275.000000,305789.000000,2630.000000,244.600000,369.000000,472030.000000,2552.000000,246.980000,248.080000,244.000000,244.570000,-0.930000,256.000000,235.390000
12:08:25,244.550000,1.000000,305662.000000,2637.000000,244.580000,10.000000,473098.000000,2536.000000,246.980000,248.080000,244.000000,244.590000,-0.910000,256.000000,235.390000
12:09:26,244.530000,39.000000,307141.000000,2652.000000,244.540000,13.000000,471241.000000,2521.000000,246.980000,248.080000,244.000000,244.540000,-0.960000,256.000000,235.390000
12:10:26,244.860000,175.000000,313441.000000,2715.000000,244.940000,89.000000,464270.000000,2471.000000,246.980000,248.080000,244.000000,244.950000,-0.550000,256.000000,235.390000
12:11:25,245.270000,43.000000,322750.000000,2775.000000,245.340000,163.000000,459029.000000,2395.000000,246.980000,248.080000,244.000000,245.280000,-0.220000,256.000000,235.390000
12:12:26,245.140000,238.000000,316834.000000,2735.000000,245.230000,849.000000,468217.000000,2387.000000,246.980000,248.080000,244.000000,245.140000,-0.360000,256.000000,235.390000
12:13:26,245.270000,100.000000,319053.000000,2771.000000,245.370000,237.000000,465978.000000,2395.000000,246.980000,248.080000,244.000000,245.370000,-0.130000,256.000000,235.390000
12:14:26,245.150000,1000.000000,315911.000000,2770.000000,245.190000,400.000000,468003.000000,2428.000000,246.980000,248.080000,244.000000,245.220000,-0.280000,256.000000,235.390000
12:15:26,245.270000,175.000000,320743.000000,2807.000000,245.330000,91.000000,466741.000000,2414.000000,246.980000,248.080000,244.000000,245.210000,-0.290000,256.000000,235.390000
12:16:26,245.110000,375.000000,316978.000000,2795.000000,245.200000,131.000000,469742.000000,2457.000000,246.980000,248.080000,244.000000,245.200000,-0.300000,256.000000,235.390000
12:17:26,245.070000,88.000000,316095.000000,2805.000000,245.150000,83.000000,473797.000000,2463.000000,246.980000,248.080000,244.000000,245.070000,-0.430000,256.000000,235.390000
12:18:26,245.010000,100.000000,316130.000000,2787.000000,245.050000,414.000000,477390.000000,2496.000000,246.980000,248.080000,244.000000,245.050000,-0.450000,256.000000,235.390000
12:19:26,245.030000,25.000000,316514.000000,2790.000000,245.050000,201.000000,477048.000000,2494.000000,246.980000,248.080000,244.000000,245.000000,-0.500000,256.000000,235.390000
12:20:26,245.090000,3.000000,329108.000000,2821.000000,245.140000,469.000000,476465.000000,2475.000000,246.980000,248.080000,244.000000,245.140000,-0.360000,256.000000,235.390000
12:21:26,244.900000,83.000000,317520.000000,2807.000000,244.920000,456.000000,479670.000000,2501.000000,246.980000,248.080000,244.000000,244.920000,-0.580000,256.000000,235.390000
12:22:26,244.930000,50.000000,321036.000000,2828.000000,245.000000,550.000000,478554.000000,2493.000000,246.980000,248.080000,244.000000,245.100000,-0.400000,256.000000,235.390000
12:23:26,244.900000,3.000000,319066.000000,2826.000000,244.950000,175.000000,482632.000000,2505.000000,246.980000,248.080000,244.000000,244.850000,-0.650000,256.000000,235.390000
12:24:26,244.750000,7.000000,315336.000000,2802.000000,244.810000,118.000000,488209.000000,2534.000000,246.980000,248.080000,244.000000,244.810000,-0.690000,256.000000,235.390000
12:25:26,244.720000,451.000000,317365.000000,2837.000000,244.800000,400.000000,489746.000000,2526.000000,246.980000,248.080000,244.000000,244.740000,-0.760000,256.000000,235.390000
12:26:26,244.980000,48.000000,320533.000000,2884.000000,245.090000,275.000000,487696.000000,2514.000000,246.980000,248.080000,244.000000,245.110000,-0.390000,256.000000,235.390000
12:27:26,244.800000,5.000000,318492.000000,2876.000000,244.860000,120.000000,488734.000000,2542.000000,246.980000,248.080000,244.000000,244.880000,-0.620000,256.000000,235.390000
12:28:26,244.710000,465.000000,320111.000000,2873.000000,244.850000,102.000000,488902.000000,2549.000000,246.980000,248.080000,244.000000,244.830000,-0.670000,256.000000,235.390000
12:29:26,244.710000,50.000000,319546.000000,2850.000000,244.730000,397.000000,496203.000000,2577.000000,246.980000,248.080000,244.000000,244.730000,-0.770000,256.000000,235.390000
12:30:26,244.650000,46.000000,320168.000000,2875.000000,244.730000,88.000000,496473.000000,2578.000000,246.980000,248.080000,244.000000,244.730000,-0.770000,256.000000,235.390000
12:31:26,244.660000,4.000000,321744.000000,2891.000000,244.750000,702.000000,500034.000000,2597.000000,246.980000,248.080000,244.000000,244.750000,-0.750000,256.000000,235.390000
12:32:27,244.500000,621.000000,315936.000000,2824.000000,244.520000,904.000000,502408.000000,2612.000000,246.980000,248.080000,244.000000,244.500000,-1.000000,256.000000,235.390000
12:33:26,244.540000,200.000000,323994.000000,2822.000000,244.630000,870.000000,499900.000000,2609.000000,246.980000,248.080000,244.000000,244.620000,-0.880000,256.000000,235.390000
12:34:27,244.560000,46.000000,330432.000000,2858.000000,244.650000,189.000000,499624.000000,2604.000000,246.980000,248.080000,244.000000,244.650000,-0.850000,256.000000,235.390000
12:35:26,244.380000,250.000000,325845.000000,2801.000000,244.480000,600.000000,504446.000000,2634.000000,246.980000,248.080000,244.000000,244.390000,-1.110000,256.000000,235.390000
12:36:27,244.380000,300.000000,327775.000000,2809.000000,244.400000,400.000000,507187.000000,2644.000000,246.980000,248.080000,244.000000,244.380000,-1.120000,256.000000,235.390000
12:37:27,244.300000,53.000000,324975.000000,2773.000000,244.360000,453.000000,505365.000000,2649.000000,246.980000,248.080000,244.000000,244.300000,-1.200000,256.000000,235.390000
12:38:27,244.170000,175.000000,314054.000000,2660.000000,244.250000,98.000000,505286.000000,2661.000000,246.980000,248.080000,244.000000,244.250000,-1.250000,256.000000,235.390000
12:39:27,244.200000,850.000000,319407.000000,2703.000000,244.290000,145.000000,505420.000000,2662.000000,246.980000,248.080000,244.000000,244.340000,-1.160000,256.000000,235.390000
12:40:27,244.290000,63.000000,323914.000000,2757.000000,244.340000,100.000000,507046.000000,2654.000000,246.980000,248.080000,244.000000,244.340000,-1.160000,256.000000,235.390000
12:41:27,244.310000,175.000000,328386.000000,2788.000000,244.370000,35.000000,506799.000000,2664.000000,246.980000,248.080000,244.000000,244.280000,-1.220000,256.000000,235.390000
12:42:27,244.300000,2.000000,327671.000000,2791.000000,244.380000,245.000000,505699.000000,2670.000000,246.980000,248.080000,244.000000,244.300000,-1.200000,256.000000,235.390000
12:43:27,244.320000,15.000000,329400.000000,2813.000000,244.370000,273.000000,506782.000000,2681.000000,246.980000,248.080000,244.000000,244.320000,-1.180000,256.000000,235.390000
12:44:27,244.100000,5.000000,309589.000000,2624.000000,244.170000,290.000000,509900.000000,2701.000000,246.980000,248.080000,244.000000,244.070000,-1.430000,256.000000,235.390000
12:45:26,244.110000,31.000000,311531.000000,2639.000000,244.170000,329.000000,510953.000000,2701.000000,246.980000,248.080000,244.000000,244.170000,-1.330000,256.000000,235.390000
12:47:31,243.710000,175.000000,270766.000000,1985.000000,243.780000,135.000000,515908.000000,2716.000000,246.980000,248.080000,243.670000,243.690000,-1.810000,256.000000,235.390000
12:48:31,243.660000,35.000000,268065.000000,2003.000000,243.670000,1.000000,511380.000000,2748.000000,246.980000,248.080000,243.630000,243.670000,-1.830000,256.000000,235.390000
12:49:31,243.550000,2.000000,271607.000000,2022.000000,243.560000,125.000000,515775.000000,2767.000000,246.980000,248.080000,243.530000,243.560000,-1.940000,256.000000,235.390000
12:50:31,243.530000,175.000000,267020.000000,1973.000000,243.590000,128.000000,512462.000000,2776.000000,246.980000,248.080000,243.330000,243.590000,-1.910000,256.000000,235.390000
12:51:31,243.780000,6.000000,271195.000000,2089.000000,243.800000,1.000000,510928.000000,2761.000000,246.980000,248.080000,243.330000,243.780000,-1.720000,256.000000,235.390000
12:52:31,243.610000,24.000000,276240.000000,2116.000000,243.640000,1.000000,495883.000000,2779.000000,246.980000,248.080000,243.330000,243.610000,-1.890000,256.000000,235.390000
12:53:31,243.700000,37.000000,282599.000000,2170.000000,243.740000,42.000000,473520.000000,2779.000000,246.980000,248.080000,243.330000,243.740000,-1.760000,256.000000,235.390000
12:54:31,243.830000,38.000000,285926.000000,2208.000000,243.840000,1.000000,509926.000000,2770.000000,246.980000,248.080000,243.330000,243.910000,-1.590000,256.000000,235.390000
12:55:31,243.830000,4.000000,285406.000000,2223.000000,243.840000,1.000000,509824.000000,2787.000000,246.980000,248.080000,243.330000,243.830000,-1.670000,256.000000,235.390000
12:56:31,243.620000,4.000000,284494.000000,2241.000000,243.700000,175.000000,511350.000000,2812.000000,246.980000,248.080000,243.330000,243.680000,-1.820000,256.000000,235.390000
12:57:31,243.660000,148.000000,283765.000000,2257.000000,243.700000,79.000000,511823.000000,2811.000000,246.980000,248.080000,243.330000,243.660000,-1.840000,256.000000,235.390000
12:58:31,243.660000,110.000000,285056.000000,2279.000000,243.750000,262.000000,514639.000000,2826.000000,246.980000,248.080000,243.330000,243.700000,-1.800000,256.000000,235.390000
12:59:31,243.560000,1.000000,283993.000000,2275.000000,243.600000,28.000000,516338.000000,2833.000000,246.980000,248.080000,243.330000,243.600000,-1.900000,256.000000,235.390000
13:00:31,243.680000,1.000000,287028.000000,2316.000000,243.770000,125.000000,524783.000000,2856.000000,246.980000,248.080000,243.330000,243.770000,-1.730000,256.000000,235.390000
13:01:31,243.740000,275.000000,290710.000000,2352.000000,243.800000,1.000000,521108.000000,2834.000000,246.980000,248.080000,243.330000,243.770000,-1.730000,256.000000,235.390000
13:02:31,243.730000,144.000000,295876.000000,2369.000000,243.800000,1.000000,523260.000000,2858.000000,246.980000,248.080000,243.330000,243.840000,-1.660000,256.000000,235.390000
13:03:31,243.780000,75.000000,296239.000000,2375.000000,243.800000,1.000000,521668.000000,2844.000000,246.980000,248.080000,243.330000,243.790000,-1.710000,256.000000,235.390000
13:04:31,243.830000,188.000000,297839.000000,2402.000000,243.880000,1.000000,522864.000000,2853.000000,246.980000,248.080000,243.330000,243.900000,-1.600000,256.000000,235.390000
13:05:31,243.840000,19.000000,298631.000000,2429.000000,243.850000,100.000000,521664.000000,2859.000000,246.980000,248.080000,243.330000,243.850000,-1.650000,256.000000,235.390000
13:06:31,243.870000,36.000000,299595.000000,2442.000000,243.900000,1.000000,522401.000000,2844.000000,246.980000,248.080000,243.330000,243.910000,-1.590000,256.000000,235.390000
13:07:31,243.890000,2.000000,300628.000000,2464.000000,243.930000,1.000000,523306.000000,2854.000000,246.980000,248.080000,243.330000,243.950000,-1.550000,256.000000,235.390000
13:08:31,243.880000,291.000000,302901.000000,2486.000000,243.890000,1.000000,524054.000000,2862.000000,246.980000,248.080000,243.330000,243.950000,-1.550000,256.000000,235.390000
13:09:31,244.180000,1.000000,303845.000000,2537.000000,244.230000,61.000000,498032.000000,2812.000000,246.980000,248.080000,243.330000,244.230000,-1.270000,256.000000,235.390000
13:10:32,244.690000,275.000000,309387.000000,2589.000000,244.770000,416.000000,484962.000000,2737.000000,246.980000,248.080000,243.330000,244.770000,-0.730000,256.000000,235.390000
13:11:32,244.780000,131.000000,309620.000000,2572.000000,244.860000,38.000000,487191.000000,2708.000000,246.980000,248.080000,243.330000,244.780000,-0.720000,256.000000,235.390000
13:12:31,244.700000,436.000000,307310.000000,2559.000000,244.740000,100.000000,489285.000000,2741.000000,246.980000,248.080000,243.330000,244.700000,-0.800000,256.000000,235.390000
13:13:32,244.600000,5235.000000,311375.000000,2559.000000,244.660000,303.000000,493564.000000,2778.000000,246.980000,248.080000,243.330000,244.660000,-0.840000,256.000000,235.390000
13:14:31,244.600000,4062.000000,310760.000000,2569.000000,244.660000,558.000000,495305.000000,2790.000000,246.980000,248.080000,243.330000,244.600000,-0.900000,256.000000,235.390000
13:15:32,244.650000,20.000000,311095.000000,2584.000000,244.670000,22.000000,496599.000000,2787.000000,246.980000,248.080000,243.330000,244.670000,-0.830000,256.000000,235.390000
13:16:32,244.650000,489.000000,309239.000000,2590.000000,244.670000,54.000000,494595.000000,2775.000000,246.980000,248.080000,243.330000,244.650000,-0.850000,256.000000,235.390000
13:17:32,244.450000,145.000000,307185.000000,2588.000000,244.550000,400.000000,497724.000000,2799.000000,246.980000,248.080000,243.330000,244.520000,-0.980000,256.000000,235.390000
13:18:32,244.390000,46.000000,305448.000000,2596.000000,244.450000,55.000000,496768.000000,2799.000000,246.980000,248.080000,243.330000,244.450000,-1.050000,256.000000,235.390000
13:19:32,244.380000,40.000000,311102.000000,2605.000000,244.480000,400.000000,497024.000000,2801.000000,246.980000,248.080000,243.330000,244.480000,-1.020000,256.000000,235.390000
13:20:32,244.600000,1100.000000,323643.000000,2639.000000,244.670000,98.000000,493706.000000,2780.000000,246.980000,248.080000,243.330000,244.670000,-0.830000,256.000000,235.390000
13:21:32,244.630000,145.000000,322489.000000,2641.000000,244.710000,23.000000,494365.000000,2789.000000,246.980000,248.080000,243.330000,244.710000,-0.790000,256.000000,235.390000
13:22:32,244.570000,519.000000,323090.000000,2649.000000,244.630000,141.000000,496855.000000,2809.000000,246.980000,248.080000,243.330000,244.630000,-0.870000,256.000000,235.390000
13:23:32,244.570000,520.000000,323058.000000,2657.000000,244.630000,116.000000,497242.000000,2807.000000,246.980000,248.080000,243.330000,244.630000,-0.870000,256.000000,235.390000
13:24:32,244.570000,245.000000,321927.000000,2652.000000,244.620000,54.000000,497336.000000,2818.000000,246.980000,248.080000,243.330000,244.620000,-0.880000,256.000000,235.390000
13:25:32,244.630000,547.000000,321763.000000,2662.000000,244.650000,270.000000,497283.000000,2817.000000,246.980000,248.080000,243.330000,244.630000,-0.870000,256.000000,235.390000
13:26:32,244.650000,285.000000,323199.000000,2678.000000,244.700000,127.000000,495286.000000,2809.000000,246.980000,248.080000,243.330000,244.650000,-0.850000,256.000000,235.390000
13:27:32,244.600000,20.000000,321507.000000,2671.000000,244.630000,70.000000,500525.000000,2822.000000,246.980000,248.080000,243.330000,244.600000,-0.900000,256.000000,235.390000
13:28:32,244.550000,70.000000,320943.000000,2666.000000,244.610000,275.000000,504156.000000,2837.000000,246.980000,248.080000,243.330000,244.570000,-0.930000,256.000000,235.390000
13:29:32,244.470000,320.000000,320933.000000,2659.000000,244.550000,400.000000,507469.000000,2851.000000,246.980000,248.080000,243.330000,244.560000,-0.940000,256.000000,235.390000
13:30:32,244.450000,135.000000,320387.000000,2653.000000,244.480000,42.000000,505867.000000,2861.000000,246.980000,248.080000,243.330000,244.480000,-1.020000,256.000000,235.390000
13:31:33,244.440000,50.000000,320393.000000,2657.000000,244.450000,184.000000,507823.000000,2868.000000,246.980000,248.080000,243.330000,244.410000,-1.090000,256.000000,235.390000
13:32:33,244.370000,183.000000,319191.000000,2658.000000,244.390000,61.000000,508967.000000,2873.000000,246.980000,248.080000,243.330000,244.390000,-1.110000,256.000000,235.390000
13:33:33,244.400000,175.000000,319389.000000,2667.000000,244.430000,155.000000,506999.000000,2871.000000,246.980000,248.080000,243.330000,244.430000,-1.070000,256.000000,235.390000
13:34:33,244.440000,78.000000,316877.000000,2683.000000,244.520000,400.000000,507288.000000,2862.000000,246.980000,248.080000,243.330000,244.440000,-1.060000,256.000000,235.390000
13:35:33,244.510000,144.000000,325788.000000,2722.000000,244.590000,18.000000,506033.000000,2852.000000,246.980000,248.080000,243.330000,244.590000,-0.910000,256.000000,235.390000
13:36:33,244.450000,4.000000,325282.000000,2715.000000,244.530000,145.000000,508788.000000,2867.000000,246.980000,248.080000,243.330000,244.500000,-1.000000,256.000000,235.390000
13:37:33,244.320000,5.000000,321887.000000,2691.000000,244.400000,275.000000,512577.000000,2896.000000,246.980000,248.080000,243.330000,244.440000,-1.060000,256.000000,235.390000
13:38:33,244.250000,1.000000,326587.000000,2706.000000,244.320000,390.000000,513523.000000,2901.000000,246.980000,248.080000,243.330000,244.320000,-1.180000,256.000000,235.390000
13:39:33,244.240000,2.000000,326251.000000,2714.000000,244.300000,133.000000,512501.000000,2905.000000,246.980000,248.080000,243.330000,244.300000,-1.200000,256.000000,235.390000
13:40:33,244.270000,1.000000,326894.000000,2728.000000,244.330000,224.000000,513242.000000,2898.000000,246.980000,248.080000,243.330000,244.310000,-1.190000,256.000000,235.390000
13:41:33,244.210000,144.000000,328359.000000,2730.000000,244.300000,7540.000000,523240.000000,2892.000000,246.980000,248.080000,243.330000,244.290000,-1.210000,256.000000,235.390000
13:42:33,244.200000,187.000000,321753.000000,2729.000000,244.210000,2.000000,512498.000000,2895.000000,246.980000,248.080000,243.330000,244.250000,-1.250000,256.000000,235.390000
13:43:34,244.200000,1.000000,321709.000000,2739.000000,244.250000,54.000000,512673.000000,2897.000000,246.980000,248.080000,243.330000,244.250000,-1.250000,256.000000,235.390000
13:44:34,244.230000,88.000000,323465.000000,2757.000000,244.280000,149.000000,510713.000000,2896.000000,246.980000,248.080000,243.330000,244.280000,-1.220000,256.000000,235.390000
13:45:34,244.200000,15.000000,323305.000000,2766.000000,244.280000,71.000000,512299.000000,2904.000000,246.980000,248.080000,243.330000,244.280000,-1.220000,256.000000,235.390000
13:46:34,244.180000,144.000000,323486.000000,2774.000000,244.250000,393.000000,512464.000000,2912.000000,246.980000,248.080000,243.330000,244.250000,-1.250000,256.000000,235.390000
13:47:34,244.160000,101.000000,321035.000000,2771.000000,244.170000,193.000000,512993.000000,2920.000000,246.980000,248.080000,243.330000,244.170000,-1.330000,256.000000,235.390000
13:48:34,244.050000,38.000000,319804.000000,2747.000000,244.100000,399.000000,515354.000000,2942.000000,246.980000,248.080000,243.330000,244.100000,-1.400000,256.000000,235.390000
13:49:34,244.070000,42.000000,319905.000000,2764.000000,244.080000,548.000000,515409.000000,2939.000000,246.980000,248.080000,243.330000,244.060000,-1.440000,256.000000,235.390000
13:50:34,244.090000,118.000000,320550.000000,2759.000000,244.110000,282.000000,513692.000000,2932.000000,246.980000,248.080000,243.330000,244.100000,-1.400000,256.000000,235.390000
13:51:34,244.040000,420.000000,321497.000000,2773.000000,244.100000,77.000000,513454.000000,2934.000000,246.980000,248.080000,243.330000,244.100000,-1.400000,256.000000,235.390000
13:52:34,244.070000,42.000000,322690.000000,2784.000000,244.150000,38.000000,513440.000000,2935.000000,246.980000,248.080000,243.330000,244.150000,-1.350000,256.000000,235.390000
13:53:34,244.150000,10.000000,324161.000000,2805.000000,244.170000,265.000000,513111.000000,2936.000000,246.980000,248.080000,243.330000,244.170000,-1.330000,256.000000,235.390000
13:54:34,244.040000,4.000000,321760.000000,2783.000000,244.100000,252.000000,514369.000000,2943.000000,246.980000,248.080000,243.330000,244.100000,-1.400000,256.000000,235.390000
13:55:35,244.020000,744.000000,323117.000000,2802.000000,244.100000,310.000000,514280.000000,2943.000000,246.980000,248.080000,243.330000,244.100000,-1.400000,256.000000,235.390000
13:56:34,244.250000,14.000000,327574.000000,2840.000000,244.270000,118.000000,491301.000000,2874.000000,246.980000,248.080000,243.330000,244.270000,-1.230000,256.000000,235.390000
13:57:35,244.250000,89.000000,327029.000000,2839.000000,244.300000,949.000000,491736.000000,2876.000000,246.980000,248.080000,243.330000,244.300000,-1.200000,256.000000,235.390000
13:58:35,244.220000,175.000000,324964.000000,2834.000000,244.300000,650.000000,492441.000000,2885.000000,246.980000,248.080000,243.330000,244.300000,-1.200000,256.000000,235.390000
13:59:35,244.270000,50.000000,329544.000000,2842.000000,244.300000,320.000000,491211.000000,2871.000000,246.980000,248.080000,243.330000,244.300000,-1.200000,256.000000,235.390000
14:00:35,244.270000,107.000000,319518.000000,2766.000000,244.300000,358.000000,479718.000000,2804.000000,246.980000,248.080000,243.330000,244.300000,-1.200000,256.000000,235.390000
14:01:35,244.270000,21.000000,319806.000000,2769.000000,244.300000,319.000000,479151.000000,2792.000000,246.980000,248.080000,243.330000,244.270000,-1.230000,256.000000,235.390000
14:02:35,244.220000,172.000000,320208.000000,2778.000000,244.290000,109.000000,475559.000000,2793.000000,246.980000,248.080000,243.330000,244.290000,-1.210000,256.000000,235.390000
14:03:35,244.180000,162.000000,320209.000000,2775.000000,244.200000,146.000000,480575.000000,2801.000000,246.980000,248.080000,243.330000,244.180000,-1.320000,256.000000,235.390000
14:04:35,244.180000,112.000000,320985.000000,2785.000000,244.200000,104.000000,481407.000000,2809.000000,246.980000,248.080000,243.330000,244.200000,-1.300000,256.000000,235.390000
14:05:35,244.220000,575.000000,328072.000000,2864.000000,244.300000,550.000000,487340.000000,2865.000000,246.980000,248.080000,243.330000,244.300000,-1.200000,256.000000,235.390000
14:06:35,244.200000,30.000000,328880.000000,2851.000000,244.220000,275.000000,494163.000000,2882.000000,246.980000,248.080000,243.330000,244.180000,-1.320000,256.000000,235.390000
14:07:35,244.060000,100.000000,324588.000000,2883.000000,244.120000,201.000000,493335.000000,2881.000000,246.980000,248.080000,243.330000,244.120000,-1.380000,256.000000,235.390000
14:08:35,244.060000,175.000000,323008.000000,2887.000000,244.100000,291.000000,494395.000000,2889.000000,246.980000,248.080000,243.330000,244.100000,-1.400000,256.000000,235.390000
14:09:35,244.010000,56.000000,320604.000000,2877.000000,244.040000,100.000000,494303.000000,2887.000000,246.980000,248.080000,243.330000,244.120000,-1.380000,256.000000,235.390000
14:10:35,244.030000,175.000000,325184.000000,2908.000000,244.120000,145.000000,497383.000000,2890.000000,246.980000,248.080000,243.330000,244.120000,-1.380000,256.000000,235.390000
14:11:35,244.040000,1.000000,325290.000000,2922.000000,244.120000,221.000000,497019.000000,2891.000000,246.980000,248.080000,243.330000,244.040000,-1.460000,256.000000,235.390000
14:12:35,244.070000,152.000000,324242.000000,2920.000000,244.130000,107.000000,497496.000000,2898.000000,246.980000,248.080000,243.330000,244.130000,-1.370000,256.000000,235.390000
14:13:35,244.020000,175.000000,327811.000000,2923.000000,244.100000,316.000000,497119.000000,2900.000000,246.980000,248.080000,243.330000,244.100000,-1.400000,256.000000,235.390000
14:14:36,243.920000,1.000000,310010.000000,2812.000000,244.010000,175.000000,497085.000000,2909.000000,246.980000,248.080000,243.330000,243.920000,-1.580000,256.000000,235.390000
14:15:35,243.910000,154.000000,316024.000000,2811.000000,243.960000,100.000000,498615.000000,2909.000000,246.980000,248.080000,243.330000,243.910000,-1.590000,256.000000,235.390000
14:16:36,244.020000,99.000000,321289.000000,2843.000000,244.030000,112.000000,497814.000000,2914.000000,246.980000,248.080000,243.330000,244.010000,-1.490000,256.000000,235.390000
14:17:36,243.970000,195.000000,321242.000000,2851.000000,244.030000,4.000000,502307.000000,2924.000000,246.980000,248.080000,243.330000,244.030000,-1.470000,256.000000,235.390000
14:18:36,244.010000,74.000000,320281.000000,2859.000000,244.030000,60.000000,502166.000000,2920.000000,246.980000,248.080000,243.330000,244.030000,-1.470000,256.000000,235.390000
14:19:36,244.010000,75.000000,321482.000000,2869.000000,244.020000,4.000000,504392.000000,2930.000000,246.980000,248.080000,243.330000,244.020000,-1.480000,256.000000,235.390000
14:20:36,243.930000,1.000000,317854.000000,2848.000000,243.960000,543.000000,503612.000000,2939.000000,246.980000,248.080000,243.330000,243.960000,-1.540000,256.000000,235.390000
14:21:36,243.940000,78.000000,316952.000000,2860.000000,243.960000,499.000000,502971.000000,2932.000000,246.980000,248.080000,243.330000,243.960000,-1.540000,256.000000,235.390000
14:22:36,243.920000,8.000000,316562.000000,2867.000000,244.000000,479.000000,505252.000000,2941.000000,246.980000,248.080000,243.330000,244.000000,-1.500000,256.000000,235.390000
14:23:36,243.930000,100.000000,315489.000000,2875.000000,243.990000,100.000000,504961.000000,2939.000000,246.980000,248.080000,243.330000,244.000000,-1.500000,256.000000,235.390000
14:24:36,243.930000,415.000000,316377.000000,2892.000000,244.020000,93.000000,504404.000000,2915.000000,246.980000,248.080000,243.330000,244.000000,-1.500000,256.000000,235.390000
14:25:36,243.940000,175.000000,317701.000000,2907.000000,244.000000,103.000000,504663.000000,2916.000000,246.980000,248.080000,243.330000,244.000000,-1.500000,256.000000,235.390000
14:26:36,243.940000,50.000000,316718.000000,2910.000000,244.010000,100.000000,504607.000000,2914.000000,246.980000,248.080000,243.330000,243.940000,-1.560000,256.000000,235.390000
14:27:36,243.930000,207.000000,318783.000000,2917.000000,244.010000,100.000000,506107.000000,2918.000000,246.980000,248.080000,243.330000,243.930000,-1.570000,256.000000,235.390000
14:28:36,243.930000,200.000000,319761.000000,2930.000000,243.970000,175.000000,506040.000000,2919.000000,246.980000,248.080000,243.330000,243.930000,-1.570000,256.000000,235.390000
14:29:36,243.940000,1.000000,320197.000000,2943.000000,244.000000,349.000000,506949.000000,2922.000000,246.980000,248.080000,243.330000,243.960000,-1.540000,256.000000,235.390000
14:30:36,244.000000,50.000000,319812.000000,2946.000000,244.070000,175.000000,502833.000000,2907.000000,246.980000,248.080000,243.330000,244.060000,-1.440000,256.000000,235.390000
14:31:36,244.010000,63.000000,319398.000000,2944.000000,244.040000,35.000000,502847.000000,2912.000000,246.980000,248.080000,243.330000,244.040000,-1.460000,256.000000,235.390000
14:32:36,243.910000,1745.000000,317768.000000,2922.000000,243.980000,511.000000,505355.000000,2927.000000,246.980000,248.080000,243.330000,243.990000,-1.510000,256.000000,235.390000
14:33:36,244.030000,22.000000,321239.000000,2954.000000,244.040000,433.000000,503082.000000,2918.000000,246.980000,248.080000,243.330000,244.040000,-1.460000,256.000000,235.390000
14:34:36,243.960000,450.000000,319657.000000,2938.000000,244.030000,92.000000,502471.000000,2928.000000,246.980000,248.080000,243.330000,244.030000,-1.470000,256.000000,235.390000
14:35:36,243.960000,460.000000,319913.000000,2952.000000,244.000000,249.000000,502446.000000,2933.000000,246.980000,248.080000,243.330000,244.000000,-1.500000,256.000000,235.390000
14:36:37,243.880000,767.000000,316706.000000,2947.000000,243.940000,115.000000,503952.000000,2941.000000,246.980000,248.080000,243.330000,243.940000,-1.560000,256.000000,235.390000
14:37:37,243.750000,5.000000,307199.000000,2845.000000,243.820000,212.000000,505336.000000,2951.000000,246.980000,248.080000,243.330000,243.820000,-1.680000,256.000000,235.390000
14:38:37,243.820000,57.000000,315853.000000,2870.000000,243.900000,233.000000,504371.000000,2943.000000,246.980000,248.080000,243.330000,243.900000,-1.600000,256.000000,235.390000
14:39:37,243.850000,108.000000,316177.000000,2878.000000,243.900000,158.000000,505296.000000,2948.000000,246.980000,248.080000,243.330000,243.900000,-1.600000,256.000000,235.390000
14:40:37,243.900000,10.000000,316688.000000,2901.000000,243.930000,206.000000,504226.000000,2941.000000,246.980000,248.080000,243.330000,243.930000,-1.570000,256.000000,235.390000
14:41:37,243.890000,419.000000,323235.000000,2914.000000,243.960000,107.000000,499920.000000,2938.000000,246.980000,248.080000,243.330000,243.930000,-1.570000,256.000000,235.390000
14:42:37,243.900000,69.000000,324123.000000,2925.000000,243.960000,142.000000,498796.000000,2941.000000,246.980000,248.080000,243.330000,243.960000,-1.540000,256.000000,235.390000
14:43:37,243.900000,231.000000,323375.000000,2937.000000,243.950000,19.000000,498991.000000,2946.000000,246.980000,248.080000,243.330000,243.950000,-1.550000,256.000000,235.390000
14:44:37,243.900000,193.000000,323179.000000,2934.000000,243.950000,327.000000,499347.000000,2947.000000,246.980000,248.080000,243.330000,243.950000,-1.550000,256.000000,235.390000
14:45:37,244.150000,175.000000,350713.000000,2961.000000,244.190000,2.000000,495579.000000,2917.000000,246.980000,248.080000,243.330000,244.150000,-1.350000,256.000000,235.390000
14:46:37,244.100000,62.000000,350071.000000,2960.000000,244.130000,103.000000,498983.000000,2922.000000,246.980000,248.080000,243.330000,244.100000,-1.400000,256.000000,235.390000
14:47:37,244.100000,460.000000,351196.000000,2960.000000,244.130000,14.000000,499101.000000,2927.000000,246.980000,248.080000,243.330000,244.100000,-1.400000,256.000000,235.390000
14:48:37,244.100000,476.000000,352672.000000,2967.000000,244.180000,568.000000,499071.000000,2945.000000,246.980000,248.080000,243.330000,244.180000,-1.320000,256.000000,235.390000
14:49:37,244.190000,145.000000,353701.000000,2977.000000,244.280000,790.000000,497725.000000,2937.000000,246.980000,248.080000,243.330000,244.280000,-1.220000,256.000000,235.390000
14:50:37,244.150000,179.000000,353903.000000,2981.000000,244.230000,500.000000,495769.000000,2914.000000,246.980000,248.080000,243.330000,244.150000,-1.350000,256.000000,235.390000
14:51:37,244.050000,437.000000,352532.000000,2970.000000,244.130000,195.000000,498329.000000,2941.000000,246.980000,248.080000,243.330000,244.070000,-1.430000,256.000000,235.390000
14:52:37,244.310000,144.000000,359515.000000,3019.000000,244.380000,1.000000,493930.000000,2904.000000,246.980000,248.080000,243.330000,244.340000,-1.160000,256.000000,235.390000
14:53:37,244.320000,56.000000,361231.000000,3031.000000,244.390000,231.000000,491628.000000,2910.000000,246.980000,248.080000,243.330000,244.330000,-1.170000,256.000000,235.390000
14:54:37,244.380000,224.000000,364780.000000,3030.000000,244.460000,30.000000,494175.000000,2917.000000,246.980000,248.080000,243.330000,244.380000,-1.120000,256.000000,235.390000
14:55:37,244.330000,581.000000,365789.000000,3016.000000,244.380000,200.000000,498842.000000,2949.000000,246.980000,248.080000,243.330000,244.380000,-1.120000,256.000000,235.390000
14:56:38,244.340000,175.000000,366044.000000,3029.000000,244.370000,95.000000,496995.000000,2945.000000,246.980000,248.080000,243.330000,244.370000,-1.130000,256.000000,235.390000
14:57:37,244.430000,145.000000,369632.000000,3055.000000,244.500000,459.000000,494693.000000,2925.000000,246.980000,248.080000,243.330000,244.450000,-1.050000,256.000000,235.390000
14:58:37,244.490000,209.000000,369336.000000,3051.000000,244.560000,175.000000,494338.000000,2928.000000,246.980000,248.080000,243.330000,244.560000,-0.940000,256.000000,235.390000
14:59:37,244.600000,200.000000,370150.000000,3055.000000,244.610000,135.000000,491454.000000,2914.000000,246.980000,248.080000,243.330000,244.610000,-0.890000,256.000000,235.390000
15:00:37,244.670000,145.000000,371803.000000,3085.000000,244.730000,10.000000,490331.000000,2891.000000,246.980000,248.080000,243.330000,244.750000,-0.750000,256.000000,235.390000
15:01:38,244.500000,1.000000,366798.000000,3048.000000,244.590000,304.000000,494530.000000,2914.000000,246.980000,248.080000,243.330000,244.590000,-0.910000,256.000000,235.390000
15:02:38,244.530000,175.000000,367962.000000,3055.000000,244.560000,101.000000,495296.000000,2915.000000,246.980000,248.080000,243.330000,244.530000,-0.970000,256.000000,235.390000
15:03:38,244.520000,131.000000,366984.000000,3044.000000,244.550000,91.000000,497221.000000,2927.000000,246.980000,248.080000,243.330000,244.520000,-0.980000,256.000000,235.390000
15:04:38,244.430000,785.000000,366967.000000,3033.000000,244.450000,204.000000,497629.000000,2951.000000,246.980000,248.080000,243.330000,244.450000,-1.050000,256.000000,235.390000
15:05:38,244.460000,175.000000,366689.000000,3052.000000,244.480000,38.000000,497392.000000,2951.000000,246.980000,248.080000,243.330000,244.480000,-1.020000,256.000000,235.390000
15:06:38,244.500000,48.000000,367472.000000,3059.000000,244.550000,2069.000000,498648.000000,2943.000000,246.980000,248.080000,243.330000,244.550000,-0.950000,256.000000,235.390000
15:07:38,244.750000,200.000000,370878.000000,3076.000000,244.810000,400.000000,493680.000000,2887.000000,246.980000,248.080000,243.330000,244.770000,-0.730000,256.000000,235.390000
15:08:38,244.710000,145.000000,369767.000000,3083.000000,244.770000,20.000000,497565.000000,2896.000000,246.980000,248.080000,243.330000,244.720000,-0.780000,256.000000,235.390000
15:09:38,244.760000,175.000000,371187.000000,3093.000000,244.830000,400.000000,496263.000000,2888.000000,246.980000,248.080000,243.330000,244.750000,-0.750000,256.000000,235.390000
15:10:38,244.690000,144.000000,367861.000000,3068.000000,244.770000,400.000000,499874.000000,2906.000000,246.980000,248.080000,243.330000,244.760000,-0.740000,256.000000,235.390000
15:11:38,244.760000,94.000000,374557.000000,3105.000000,244.790000,78.000000,498048.000000,2896.000000,246.980000,248.080000,243.330000,244.790000,-0.710000,256.000000,235.390000
15:12:38,244.780000,12.000000,374096.000000,3103.000000,244.800000,213.000000,497186.000000,2898.000000,246.980000,248.080000,243.330000,244.800000,-0.700000,256.000000,235.390000
15:13:38,244.700000,200.000000,374024.000000,3099.000000,244.760000,166.000000,498826.000000,2915.000000,246.980000,248.080000,243.330000,244.690000,-0.810000,256.000000,235.390000
15:14:38,244.700000,304.000000,372828.000000,3082.000000,244.760000,454.000000,499309.000000,2921.000000,246.980000,248.080000,243.330000,244.760000,-0.740000,256.000000,235.390000
15:15:38,244.730000,145.000000,373055.000000,3093.000000,244.790000,400.000000,498737.000000,2908.000000,246.980000,248.080000,243.330000,244.760000,-0.740000,256.000000,235.390000
15:16:38,244.660000,65.000000,371092.000000,3073.000000,244.720000,98.000000,500837.000000,2920.000000,246.980000,248.080000,243.330000,244.720000,-0.780000,256.000000,235.390000
15:17:38,244.600000,318.000000,370084.000000,3065.000000,244.650000,275.000000,504496.000000,2932.000000,246.980000,248.080000,243.330000,244.600000,-0.900000,256.000000,235.390000
15:18:38,244.580000,64.000000,368835.000000,3058.000000,244.620000,56.000000,505145.000000,2934.000000,246.980000,248.080000,243.330000,244.580000,-0.920000,256.000000,235.390000
15:19:38,244.570000,69.000000,369162.000000,3061.000000,244.610000,175.000000,505446.000000,2937.000000,246.980000,248.080000,243.330000,244.610000,-0.890000,256.000000,235.390000
15:20:38,244.640000,200.000000,371962.000000,3084.000000,244.730000,200.000000,503358.000000,2930.000000,246.980000,248.080000,243.330000,244.720000,-0.780000,256.000000,235.390000
15:21:38,244.730000,161.000000,373709.000000,3099.000000,244.800000,400.000000,500560.000000,2914.000000,246.980000,248.080000,243.330000,244.790000,-0.710000,256.000000,235.390000
15:22:39,244.730000,2.000000,373818.000000,3099.000000,244.740000,1.000000,503134.000000,2930.000000,246.980000,248.080000,243.330000,244.780000,-0.720000,256.000000,235.390000
15:23:38,244.660000,178.000000,372401.000000,3089.000000,244.750000,501.000000,503822.000000,2942.000000,246.980000,248.080000,243.330000,244.660000,-0.840000,256.000000,235.390000
15:24:39,244.650000,145.000000,373791.000000,3094.000000,244.700000,87.000000,503541.000000,2950.000000,246.980000,248.080000,243.330000,244.640000,-0.860000,256.000000,235.390000
15:25:39,244.630000,175.000000,374086.000000,3097.000000,244.700000,244.000000,504104.000000,2950.000000,246.980000,248.080000,243.330000,244.700000,-0.800000,256.000000,235.390000
15:26:39,244.460000,82.000000,369051.000000,3046.000000,244.500000,400.000000,507654.000000,2965.000000,246.980000,248.080000,243.330000,244.460000,-1.040000,256.000000,235.390000
15:27:39,244.450000,20.000000,369028.000000,3049.000000,244.490000,400.000000,508099.000000,2978.000000,246.980000,248.080000,243.330000,244.460000,-1.040000,256.000000,235.390000
15:28:39,244.390000,10.000000,368342.000000,3041.000000,244.400000,101.000000,508894.000000,2977.000000,246.980000,248.080000,243.330000,244.390000,-1.110000,256.000000,235.390000
15:29:39,244.350000,20.000000,368227.000000,3054.000000,244.390000,213.000000,508777.000000,2981.000000,246.980000,248.080000,243.330000,244.390000,-1.110000,256.000000,235.390000
15:30:39,244.370000,238.000000,371874.000000,3074.000000,244.420000,400.000000,507158.000000,2981.000000,246.980000,248.080000,243.330000,244.430000,-1.070000,267.040000,235.390000
15:31:39,244.390000,72.000000,360030.000000,3080.000000,244.420000,499.000000,508137.000000,2983.000000,246.980000,248.080000,243.330000,244.420000,-1.080000,267.040000,235.390000
15:32:40,244.350000,167.000000,362079.000000,3072.000000,244.360000,400.000000,508630.000000,2995.000000,246.980000,248.080000,243.330000,244.380000,-1.120000,267.040000,235.390000
15:33:40,244.320000,29.000000,370903.000000,3074.000000,244.370000,401.000000,511965.000000,2999.000000,246.980000,248.080000,243.330000,244.360000,-1.140000,267.040000,235.390000
15:34:40,244.360000,198.000000,372043.000000,3083.000000,244.390000,101.000000,508382.000000,2995.000000,246.980000,248.080000,243.330000,244.380000,-1.120000,267.040000,235.390000
15:35:40,244.580000,174.000000,375551.000000,3115.000000,244.600000,35.000000,505853.000000,2968.000000,246.980000,248.080000,243.330000,244.580000,-0.920000,267.040000,235.390000
15:36:40,244.690000,290.000000,375103.000000,3122.000000,244.750000,56.000000,504338.000000,2952.000000,246.980000,248.080000,243.330000,244.750000,-0.750000,267.040000,235.390000
15:37:40,244.640000,26.000000,371726.000000,3092.000000,244.670000,400.000000,506409.000000,2968.000000,246.980000,248.080000,243.330000,244.670000,-0.830000,267.040000,235.390000
15:38:40,244.620000,994.000000,375900.000000,3108.000000,244.650000,99.000000,506372.000000,2968.000000,246.980000,248.080000,243.330000,244.650000,-0.850000,267.040000,235.390000
15:39:40,244.620000,1119.000000,376198.000000,3111.000000,244.670000,273.000000,505906.000000,2970.000000,246.980000,248.080000,243.330000,244.620000,-0.880000,267.040000,235.390000
15:40:40,244.750000,22.000000,377013.000000,3135.000000,244.800000,500.000000,504781.000000,2947.000000,246.980000,248.080000,243.330000,244.800000,-0.700000,267.040000,235.390000
15:41:40,244.620000,87.000000,374475.000000,3105.000000,244.690000,400.000000,510270.000000,2979.000000,246.980000,248.080000,243.330000,244.660000,-0.840000,267.040000,235.390000
15:42:40,244.650000,184.000000,375119.000000,3122.000000,244.700000,175.000000,512204.000000,2971.000000,246.980000,248.080000,243.330000,244.650000,-0.850000,267.040000,235.390000
15:43:40,244.640000,155.000000,376648.000000,3127.000000,244.730000,400.000000,510935.000000,2975.000000,246.980000,248.080000,243.330000,244.640000,-0.860000,267.040000,235.390000
15:44:40,244.620000,85.000000,375903.000000,3118.000000,244.640000,469.000000,512238.000000,2984.000000,246.980000,248.080000,243.330000,244.640000,-0.860000,267.040000,235.390000
15:45:40,244.760000,224.000000,390252.000000,3161.000000,244.810000,330.000000,507586.000000,2954.000000,246.980000,248.080000,243.330000,244.760000,-0.740000,267.040000,235.390000
15:46:40,244.730000,358.000000,407608.000000,3148.000000,244.820000,400.000000,504110.000000,2938.000000,246.980000,248.080000,243.330000,244.760000,-0.740000,267.040000,235.390000
15:47:40,244.710000,592.000000,409091.000000,3151.000000,244.790000,166.000000,504570.000000,2948.000000,246.980000,248.080000,243.330000,244.710000,-0.790000,267.040000,235.390000
15:48:40,244.720000,275.000000,422083.000000,3157.000000,244.790000,167.000000,503549.000000,2946.000000,246.980000,248.080000,243.330000,244.730000,-0.770000,267.040000,235.390000
15:50:41,244.880000,4.000000,427168.000000,3191.000000,244.940000,275.000000,495623.000000,2901.000000,246.980000,248.080000,243.330000,244.900000,-0.600000,267.040000,235.390000
15:51:41,244.910000,145.000000,421498.000000,3146.000000,244.980000,175.000000,470604.000000,2845.000000,246.980000,248.080000,243.330000,244.930000,-0.570000,267.040000,235.390000
15:52:41,244.720000,262.000000,422244.000000,3137.000000,244.790000,595.000000,483020.000000,2874.000000,246.980000,248.080000,243.330000,244.720000,-0.780000,267.040000,235.390000
15:53:41,244.680000,9.000000,414138.000000,3128.000000,244.720000,1.000000,484704.000000,2882.000000,246.980000,248.080000,243.330000,244.680000,-0.820000,267.040000,235.390000
15:54:41,244.760000,81.000000,419103.000000,3164.000000,244.800000,1071.000000,484012.000000,2881.000000,246.980000,248.080000,243.330000,244.790000,-0.710000,267.040000,235.390000
15:55:41,244.800000,848.000000,421471.000000,3175.000000,244.880000,74.000000,483874.000000,2876.000000,246.980000,248.080000,243.330000,244.880000,-0.620000,267.040000,235.390000
15:56:41,244.780000,40.000000,419626.000000,3172.000000,244.830000,400.000000,487328.000000,2887.000000,246.980000,248.080000,243.330000,244.830000,-0.670000,267.040000,235.390000
15:57:41,244.820000,313.000000,420684.000000,3181.000000,244.830000,400.000000,487412.000000,2892.000000,246.980000,248.080000,243.330000,244.830000,-0.670000,267.040000,235.390000
15:58:41,244.710000,419.000000,417839.000000,3161.000000,244.790000,400.000000,489860.000000,2908.000000,246.980000,248.080000,243.330000,244.720000,-0.780000,267.040000,235.390000
15:59:41,244.620000,275.000000,414864.000000,3149.000000,244.680000,186.000000,491045.000000,2917.000000,246.980000,248.080000,243.330000,244.640000,-0.860000,267.040000,235.390000
16:00:41,244.600000,100.000000,414291.000000,3139.000000,244.620000,400.000000,492378.000000,2920.000000,246.980000,248.080000,243.330000,244.560000,-0.940000,267.040000,235.390000
16:01:41,244.580000,336.000000,415576.000000,3148.000000,244.600000,100.000000,491724.000000,2925.000000,246.980000,248.080000,243.330000,244.580000,-0.920000,267.040000,235.390000
16:02:41,244.610000,2.000000,416752.000000,3149.000000,244.680000,504.000000,491320.000000,2924.000000,246.980000,248.080000,243.330000,244.680000,-0.820000,267.040000,235.390000
16:03:41,244.640000,375.000000,427189.000000,3171.000000,244.730000,362.000000,490090.000000,2918.000000,246.980000,248.080000,243.330000,244.710000,-0.790000,267.040000,235.390000
16:04:41,244.780000,2.000000,438798.000000,3190.000000,244.820000,400.000000,489618.000000,2912.000000,246.980000,248.080000,243.330000,244.780000,-0.720000,267.040000,235.390000
16:05:41,244.590000,520.000000,433409.000000,3168.000000,244.660000,488.000000,492711.000000,2934.000000,246.980000,248.080000,243.330000,244.660000,-0.840000,267.040000,235.390000
16:06:42,244.620000,219.000000,432275.000000,3174.000000,244.690000,400.000000,492857.000000,2926.000000,246.980000,248.080000,243.330000,244.700000,-0.800000,267.040000,235.390000
16:07:42,244.210000,10.000000,426652.000000,3099.000000,244.250000,400.000000,495797.000000,2951.000000,246.980000,248.080000,243.330000,244.200000,-1.300000,267.040000,235.390000
16:08:42,244.250000,60.000000,433479.000000,3126.000000,244.260000,401.000000,497359.000000,2964.000000,246.980000,248.080000,243.330000,244.210000,-1.290000,267.040000,235.390000
16:09:42,244.120000,175.000000,426112.000000,3100.000000,244.170000,633.000000,496619.000000,2971.000000,246.980000,248.080000,243.330000,244.120000,-1.380000,267.040000,235.390000
16:10:42,244.150000,454.000000,432959.000000,3126.000000,244.200000,400.000000,495950.000000,2971.000000,246.980000,248.080000,243.330000,244.200000,-1.300000,267.040000,235.390000
16:11:42,244.160000,1.000000,434575.000000,3140.000000,244.180000,438.000000,496775.000000,2978.000000,246.980000,248.080000,243.330000,244.180000,-1.320000,267.040000,235.390000
16:12:42,244.140000,1868.000000,433498.000000,3139.000000,244.160000,600.000000,497225.000000,2982.000000,246.980000,248.080000,243.330000,244.150000,-1.350000,267.040000,235.390000
16:13:42,244.160000,150.000000,436238.000000,3159.000000,244.190000,143.000000,497478.000000,2978.000000,246.980000,248.080000,243.330000,244.190000,-1.310000,267.040000,235.390000
16:14:42,244.210000,175.000000,437840.000000,3186.000000,244.260000,400.000000,496344.000000,2975.000000,246.980000,248.080000,243.330000,244.250000,-1.250000,267.040000,235.390000
16:15:42,244.220000,11.000000,438015.000000,3193.000000,244.230000,412.000000,496739.000000,2982.000000,246.980000,248.080000,243.330000,244.200000,-1.300000,267.040000,235.390000
16:16:42,244.310000,375.000000,435070.000000,3224.000000,244.380000,29.000000,493582.000000,2963.000000,246.980000,248.080000,243.330000,244.380000,-1.120000,267.040000,235.390000
16:17:42,244.330000,1.000000,428516.000000,3217.000000,244.370000,175.000000,495539.000000,2982.000000,246.980000,248.080000,243.330000,244.340000,-1.160000,267.040000,235.390000
16:18:42,244.220000,200.000000,428864.000000,3208.000000,244.320000,175.000000,496255.000000,2987.000000,246.980000,248.080000,243.330000,244.250000,-1.250000,267.040000,235.390000
16:19:42,244.300000,175.000000,431267.000000,3235.000000,244.390000,319.000000,495435.000000,2979.000000,246.980000,248.080000,243.330000,244.310000,-1.190000,267.040000,235.390000
16:20:42,244.310000,200.000000,431089.000000,3236.000000,244.360000,82.000000,495740.000000,2984.000000,246.980000,248.080000,243.330000,244.340000,-1.160000,267.040000,235.390000
16:21:42,244.440000,88.000000,433958.000000,3242.000000,244.520000,175.000000,494077.000000,2973.000000,246.980000,248.080000,243.330000,244.510000,-0.990000,267.040000,235.390000
16:22:42,244.400000,201.000000,432194.000000,3239.000000,244.500000,172.000000,494402.000000,2984.000000,246.980000,248.080000,243.330000,244.500000,-1.000000,267.040000,235.390000
16:23:42,244.410000,25.000000,431821.000000,3234.000000,244.470000,130.000000,495019.000000,2988.000000,246.980000,248.080000,243.330000,244.470000,-1.030000,267.040000,235.390000
16:24:42,244.410000,25.000000,430991.000000,3233.000000,244.460000,225.000000,498202.000000,2993.000000,246.980000,248.080000,243.330000,244.460000,-1.040000,267.040000,235.390000
16:25:42,244.310000,108.000000,430804.000000,3230.000000,244.370000,325.000000,500414.000000,3007.000000,246.980000,248.080000,243.330000,244.370000,-1.130000,267.040000,235.390000
16:26:42,244.250000,428.000000,429228.000000,3237.000000,244.350000,545.000000,501319.000000,3004.000000,246.980000,248.080000,243.330000,244.250000,-1.250000,267.040000,235.390000
16:27:42,244.260000,85.000000,429078.000000,3240.000000,244.330000,175.000000,501026.000000,2999.000000,246.980000,248.080000,243.330000,244.310000,-1.190000,267.040000,235.390000
16:28:42,244.260000,209.000000,429970.000000,3238.000000,244.330000,451.000000,501114.000000,3006.000000,246.980000,248.080000,243.330000,244.330000,-1.170000,267.040000,235.390000
16:29:42,244.420000,74.000000,439210.000000,3275.000000,244.510000,175.000000,496279.000000,2970.000000,246.980000,248.080000,243.330000,244.450000,-1.050000,267.040000,235.390000
16:30:42,244.050000,175.000000,416365.000000,3151.000000,244.130000,400.000000,501265.000000,3003.000000,246.980000,248.080000,243.330000,244.060000,-1.440000,267.040000,235.390000
16:31:42,243.840000,375.000000,388160.000000,3023.000000,243.950000,400.000000,497908.000000,2996.000000,246.980000,248.080000,243.330000,243.960000,-1.540000,267.040000,235.390000
16:32:42,243.790000,21.000000,387499.000000,3017.000000,243.870000,400.000000,499915.000000,3011.000000,246.980000,248.080000,243.330000,243.800000,-1.700000,267.040000,235.390000
16:33:43,243.770000,1.000000,387923.000000,3038.000000,243.830000,400.000000,501079.000000,3017.000000,246.980000,248.080000,243.330000,243.830000,-1.670000,267.040000,235.390000
16:34:43,243.860000,148.000000,396713.000000,3087.000000,243.950000,400.000000,499971.000000,3014.000000,246.980000,248.080000,243.330000,243.950000,-1.550000,267.040000,235.390000
16:35:43,243.780000,1.000000,393737.000000,3062.000000,243.830000,110.000000,499181.000000,3023.000000,246.980000,248.080000,243.330000,243.830000,-1.670000,267.040000,235.390000
16:36:43,243.770000,948.000000,395519.000000,3074.000000,243.820000,10.000000,501823.000000,3027.000000,246.980000,248.080000,243.330000,243.830000,-1.670000,267.040000,235.390000
16:37:43,243.550000,96.000000,374255.000000,2901.000000,243.580000,400.000000,504427.000000,3037.000000,246.980000,248.080000,243.330000,243.550000,-1.950000,267.040000,235.390000
16:38:43,243.560000,104.000000,378792.000000,2930.000000,243.590000,244.000000,503680.000000,3032.000000,246.980000,248.080000,243.330000,243.580000,-1.920000,267.040000,235.390000
16:39:43,243.550000,246.000000,376686.000000,2945.000000,243.570000,144.000000,505223.000000,3036.000000,246.980000,248.080000,243.330000,243.550000,-1.950000,267.040000,235.390000
16:40:43,243.560000,3.000000,381090.000000,2967.000000,243.620000,400.000000,505532.000000,3034.000000,246.980000,248.080000,243.330000,243.620000,-1.880000,267.040000,235.390000
16:41:43,243.530000,285.000000,379682.000000,2945.000000,243.600000,290.000000,509225.000000,3045.000000,246.980000,248.080000,243.330000,243.600000,-1.900000,267.040000,235.390000
16:42:43,243.520000,89.000000,377018.000000,2938.000000,243.560000,400.000000,510434.000000,3047.000000,246.980000,248.080000,243.330000,243.520000,-1.980000,267.040000,235.390000
16:43:43,243.400000,1110.000000,362279.000000,2716.000000,243.420000,1.000000,511463.000000,3061.000000,246.980000,248.080000,243.330000,243.410000,-2.090000,267.040000,235.390000
16:44:43,243.600000,597.000000,366906.000000,2771.000000,243.620000,400.000000,509310.000000,3048.000000,246.980000,248.080000,243.330000,243.620000,-1.880000,267.040000,235.390000
16:45:43,243.470000,2020.000000,364334.000000,2764.000000,243.520000,400.000000,512080.000000,3067.000000,246.980000,248.080000,243.330000,243.500000,-2.000000,267.040000,235.390000
16:46:43,243.500000,58.000000,366778.000000,2798.000000,243.550000,400.000000,531302.000000,3062.000000,246.980000,248.080000,243.330000,243.550000,-1.950000,267.040000,235.390000
16:47:44,243.160000,50.000000,344159.000000,2449.000000,243.190000,400.000000,533097.000000,3089.000000,246.980000,248.080000,243.110000,243.190000,-2.310000,267.040000,235.390000
16:48:44,243.190000,45.000000,343381.000000,2455.000000,243.200000,400.000000,532376.000000,3089.000000,246.980000,248.080000,243.100000,243.210000,-2.290000,267.040000,235.390000
16:49:44,243.120000,262.000000,344072.000000,2476.000000,243.150000,380.000000,533717.000000,3097.000000,246.980000,248.080000,243.100000,243.120000,-2.380000,267.040000,235.390000
16:50:43,242.820000,175.000000,309282.000000,1987.000000,242.860000,1.000000,530151.000000,3115.000000,246.980000,248.080000,242.800000,242.800000,-2.700000,267.040000,235.390000
16:51:43,242.810000,100.000000,313774.000000,2048.000000,242.840000,400.000000,528511.000000,3103.000000,246.980000,248.080000,242.730000,242.820000,-2.680000,267.040000,235.390000
16:52:43,242.850000,221.000000,316979.000000,2104.000000,242.900000,5.000000,525882.000000,3108.000000,246.980000,248.080000,242.730000,242.890000,-2.610000,267.040000,235.390000
16:53:43,242.900000,96.000000,319998.000000,2177.000000,242.920000,1.000000,527319.000000,3117.000000,246.980000,248.080000,242.730000,242.910000,-2.590000,267.040000,235.390000
16:54:43,242.770000,4.000000,318683.000000,2180.000000,242.820000,1.000000,525292.000000,3128.000000,246.980000,248.080000,242.730000,242.800000,-2.700000,267.040000,235.390000
16:55:43,242.820000,46.000000,263421.000000,2219.000000,242.890000,245.000000,526193.000000,3143.000000,246.980000,248.080000,242.730000,242.850000,-2.650000,267.040000,235.390000
16:56:43,242.870000,217.000000,263914.000000,2265.000000,242.900000,6.000000,525952.000000,3136.000000,246.980000,248.080000,242.730000,242.900000,-2.600000,267.040000,235.390000
16:57:43,242.750000,59.000000,261452.000000,2231.000000,242.790000,197.000000,526387.000000,3166.000000,246.980000,248.080000,242.730000,242.750000,-2.750000,267.040000,235.390000
16:58:43,242.620000,735.000000,256350.000000,2169.000000,242.640000,173.000000,527043.000000,3158.000000,246.980000,248.080000,242.630000,242.640000,-2.860000,267.040000,235.390000
16:59:43,242.410000,519.000000,247399.000000,2061.000000,242.510000,50.000000,525857.000000,3163.000000,246.980000,248.080000,242.370000,242.420000,-3.080000,267.040000,235.390000
17:00:43,242.650000,421.000000,257308.000000,2065.000000,242.760000,400.000000,502316.000000,3054.000000,246.980000,248.080000,242.300000,242.740000,-2.760000,267.040000,235.390000
17:01:44,242.600000,146.000000,248993.000000,2068.000000,242.670000,275.000000,509195.000000,3079.000000,246.980000,248.080000,242.300000,242.600000,-2.900000,267.040000,235.390000
17:02:44,242.490000,18.000000,252969.000000,2070.000000,242.550000,376.000000,518417.000000,3108.000000,246.980000,248.080000,242.300000,242.490000,-3.010000,267.040000,235.390000
17:03:44,242.440000,51.000000,253955.000000,2096.000000,242.460000,452.000000,522440.000000,3125.000000,246.980000,248.080000,242.300000,242.440000,-3.060000,267.040000,235.390000
17:04:44,242.320000,190.000000,255550.000000,2083.000000,242.380000,4.000000,523258.000000,3148.000000,246.980000,248.080000,242.300000,242.370000,-3.130000,267.040000,235.390000
17:05:44,242.200000,35.000000,251860.000000,2031.000000,242.280000,400.000000,521070.000000,3171.000000,246.980000,248.080000,242.200000,242.270000,-3.230000,267.040000,232.000000
17:06:44,242.560000,175.000000,262112.000000,2106.000000,242.640000,400.000000,514171.000000,3130.000000,246.980000,248.080000,242.200000,242.570000,-2.930000,267.040000,232.000000
17:07:44,242.470000,1.000000,273241.000000,2147.000000,242.550000,149.000000,513671.000000,3136.000000,246.980000,248.080000,242.200000,242.550000,-2.950000,267.040000,232.000000
17:08:44,242.380000,5.000000,264965.000000,2151.000000,242.400000,8.000000,517102.000000,3161.000000,246.980000,248.080000,242.200000,242.400000,-3.100000,267.040000,232.000000
17:09:44,242.310000,380.000000,259940.000000,2175.000000,242.390000,78.000000,518929.000000,3165.000000,246.980000,248.080000,242.200000,242.310000,-3.190000,267.040000,232.000000
17:10:44,241.820000,41.000000,239380.000000,1762.000000,241.920000,200.000000,522589.000000,3204.000000,246.980000,248.080000,241.800000,241.820000,-3.680000,267.040000,232.000000
17:11:44,241.700000,76.000000,246110.000000,1789.000000,241.750000,10.000000,518195.000000,3222.000000,246.980000,248.080000,241.680000,241.760000,-3.740000,267.040000,232.000000
17:12:44,241.610000,9.000000,247849.000000,1829.000000,241.650000,10.000000,518070.000000,3213.000000,246.980000,248.080000,241.600000,241.610000,-3.890000,267.040000,232.000000
17:13:44,241.610000,175.000000,243846.000000,1867.000000,241.650000,143.000000,514627.000000,3201.000000,246.980000,248.080000,241.550000,241.650000,-3.850000,267.040000,232.000000
17:14:44,241.650000,10.000000,250059.000000,1923.000000,241.690000,245.000000,519077.000000,3208.000000,246.980000,248.080000,241.550000,241.700000,-3.800000,267.040000,232.000000
17:15:44,241.510000,1897.000000,243684.000000,2124.000000,241.600000,110.000000,520568.000000,3244.000000,246.980000,248.080000,241.510000,241.520000,-3.980000,267.040000,232.000000
17:16:44,241.560000,233.000000,258803.000000,2238.000000,241.650000,400.000000,523366.000000,3241.000000,246.980000,248.080000,241.510000,241.560000,-3.940000,267.040000,232.000000
17:17:44,241.540000,1.000000,260742.000000,2304.000000,241.600000,360.000000,524988.000000,3255.000000,246.980000,248.080000,241.510000,241.600000,-3.900000,267.040000,232.000000
17:18:44,241.360000,175.000000,241060.000000,1931.000000,241.430000,400.000000,524521.000000,3253.000000,246.980000,248.080000,241.300000,241.370000,-4.130000,267.040000,232.000000
17:19:45,241.410000,105.000000,248220.000000,2008.000000,241.490000,400.000000,525534.000000,3254.000000,246.980000,248.080000,241.300000,241.490000,-4.010000,267.040000,232.000000
17:20:45,241.420000,348.000000,254329.000000,2025.000000,241.460000,1.000000,534210.000000,3265.000000,246.980000,248.080000,241.300000,241.450000,-4.050000,267.040000,232.000000
17:21:45,241.280000,207.000000,247727.000000,1976.000000,241.300000,1.000000,537919.000000,3279.000000,246.980000,248.080000,241.280000,241.280000,-4.220000,267.040000,232.000000
17:22:45,241.410000,1.000000,254779.000000,2063.000000,241.450000,5039.000000,531355.000000,3254.000000,246.980000,248.080000,241.270000,241.450000,-4.050000,267.040000,232.000000
17:23:45,241.170000,175.000000,241232.000000,1977.000000,241.230000,400.000000,540074.000000,3289.000000,246.980000,248.080000,241.130000,241.230000,-4.270000,267.040000,232.000000
17:24:45,241.530000,283.000000,247452.000000,2068.000000,241.630000,400.000000,525036.000000,3246.000000,246.980000,248.080000,241.130000,241.610000,-3.890000,267.040000,232.000000
17:25:45,241.480000,175.000000,247462.000000,2089.000000,241.500000,324.000000,528594.000000,3255.000000,246.980000,248.080000,241.130000,241.500000,-4.000000,267.040000,232.000000
17:26:45,241.580000,1100.000000,255189.000000,2155.000000,241.610000,575.000000,529215.000000,3257.000000,246.980000,248.080000,241.130000,241.590000,-3.910000,267.040000,232.000000
17:27:45,241.700000,11.000000,270492.000000,2239.000000,241.740000,134.000000,527066.000000,3257.000000,246.980000,248.080000,241.130000,241.700000,-3.800000,267.040000,232.000000
