TIME,BID,BIDDEPTH,BIDDEPTHT,NUMBIDS,OFFER,OFFERDEPTH,OFFERDEPTHT,NUMOFFERS,OPEN,HIGH,LOW,LAST,CHANGE,QTY,VALUE,HIGHBID,LOWOFFER,NUMTRADES
10:01:17,5243.000000,70.000000,21955.000000,308.000000,5246.000000,100.000000,58108.000000,535.000000,5254.000000,5263.500000,5241.500000,5243.500000,-19.500000,5368.000000,5158.000000
10:02:17,5248.000000,120.000000,23611.000000,335.000000,5251.000000,87.000000,62163.000000,562.000000,5254.000000,5263.500000,5241.500000,5251.000000,-12.000000,5368.000000,5158.000000
10:03:18,5251.500000,30.000000,24228.000000,354.000000,5254.000000,20.000000,63379.000000,570.000000,5254.000000,5263.500000,5241.500000,5254.000000,-9.000000,5368.000000,5158.000000
10:04:18,5243.000000,29.000000,23429.000000,346.000000,5244.000000,128.000000,167719.000000,609.000000,5254.000000,5263.500000,5241.500000,5243.000000,-20.000000,5368.000000,5158.000000
10:05:18,5242.500000,250.000000,22746.000000,360.000000,5244.500000,71.000000,166900.000000,615.000000,5254.000000,5263.500000,5241.500000,5243.500000,-19.500000,5368.000000,5158.000000
10:06:18,5242.000000,120.000000,26252.000000,381.000000,5244.000000,456.000000,169247.000000,621.000000,5254.000000,5263.500000,5237.000000,5243.000000,-20.000000,5368.000000,5158.000000
10:07:18,5231.500000,70.000000,23990.000000,360.000000,5233.500000,32.000000,168753.000000,648.000000,5254.000000,5263.500000,5231.000000,5233.500000,-29.500000,5368.000000,5158.000000
10:08:18,5234.500000,70.000000,25155.000000,391.000000,5237.000000,116.000000,169135.000000,643.000000,5254.000000,5263.500000,5231.000000,5235.500000,-27.500000,5368.000000,5158.000000
10:09:18,5232.500000,200.000000,25800.000000,417.000000,5234.500000,550.000000,169677.000000,672.000000,5254.000000,5263.500000,5231.000000,5232.500000,-30.500000,5368.000000,5130.000000
10:10:18,5235.000000,204.000000,29110.000000,449.000000,5238.000000,114.000000,168253.000000,653.000000,5254.000000,5263.500000,5231.000000,5237.500000,-25.500000,5368.000000,5130.000000
10:11:18,5233.000000,125.000000,28614.000000,442.000000,5235.000000,70.000000,168977.000000,673.000000,5254.000000,5263.500000,5231.000000,5235.000000,-28.000000,5368.000000,5130.000000
10:12:18,5236.000000,97.000000,30988.000000,480.000000,5238.500000,260.000000,169159.000000,671.000000,5254.000000,5263.500000,5231.000000,5236.500000,-26.500000,5368.000000,5130.000000
10:13:18,5236.500000,70.000000,31485.000000,501.000000,5238.000000,51.000000,167197.000000,670.000000,5254.000000,5263.500000,5231.000000,5236.500000,-26.500000,5368.000000,5130.000000
10:14:18,5230.500000,170.000000,30452.000000,477.000000,5232.500000,67.000000,168531.000000,702.000000,5254.000000,5263.500000,5228.000000,5232.000000,-31.000000,5368.000000,5129.500000
10:15:18,5228.000000,902.000000,30096.000000,478.000000,5229.500000,241.000000,172599.000000,733.000000,5254.000000,5263.500000,5228.000000,5228.500000,-34.500000,5368.000000,5129.500000
10:16:18,5223.000000,61.000000,29100.000000,465.000000,5224.500000,212.000000,173870.000000,741.000000,5254.000000,5263.500000,5222.500000,5224.000000,-39.000000,5368.000000,5129.500000
10:17:18,5221.000000,70.000000,29590.000000,476.000000,5222.500000,70.000000,172511.000000,735.000000,5254.000000,5263.500000,5220.000000,5222.500000,-40.500000,5368.000000,5129.500000
10:18:18,5216.500000,70.000000,28009.000000,464.000000,5218.000000,92.000000,172672.000000,745.000000,5254.000000,5263.500000,5215.500000,5218.000000,-45.000000,5368.000000,5113.000000
10:19:18,5224.000000,70.000000,29690.000000,527.000000,5225.500000,3.000000,171439.000000,729.000000,5254.000000,5263.500000,5215.500000,5225.000000,-38.000000,5368.000000,5113.000000
10:20:18,5220.000000,65.000000,29941.000000,531.000000,5222.000000,61.000000,174056.000000,754.000000,5254.000000,5263.500000,5215.500000,5222.000000,-41.000000,5368.000000,5113.000000
10:21:18,5216.000000,200.000000,29271.000000,512.000000,5217.000000,20.000000,175371.000000,778.000000,5254.000000,5263.500000,5215.500000,5217.000000,-46.000000,5368.000000,5113.000000
10:22:18,5204.500000,11.000000,25515.000000,460.000000,5205.000000,105.000000,175841.000000,789.000000,5254.000000,5263.500000,5205.000000,5205.000000,-58.000000,5368.000000,5113.000000
10:23:18,5204.500000,2.000000,28958.000000,487.000000,5205.500000,70.000000,175611.000000,774.000000,5254.000000,5263.500000,5202.000000,5204.500000,-58.500000,5368.000000,5113.000000
10:24:18,5206.500000,61.000000,29836.000000,520.000000,5208.500000,70.000000,175605.000000,779.000000,5254.000000,5263.500000,5202.000000,5208.500000,-54.500000,5368.000000,5113.000000
10:25:18,5204.500000,12.000000,30792.000000,548.000000,5205.500000,668.000000,175590.000000,788.000000,5254.000000,5263.500000,5202.000000,5205.500000,-57.500000,5368.000000,5113.000000
10:26:18,5205.500000,70.000000,32107.000000,553.000000,5206.500000,10.000000,176744.000000,793.000000,5254.000000,5263.500000,5202.000000,5206.500000,-56.500000,5368.000000,5113.000000
10:27:19,5207.500000,198.000000,34036.000000,603.000000,5210.000000,241.000000,176666.000000,776.000000,5254.000000,5263.500000,5202.000000,5207.500000,-55.500000,5368.000000,5113.000000
10:28:19,5209.500000,70.000000,35797.000000,624.000000,5211.500000,70.000000,176681.000000,774.000000,5254.000000,5263.500000,5202.000000,5210.000000,-53.000000,5368.000000,5113.000000
10:29:18,5203.000000,1.000000,33858.000000,579.000000,5204.500000,35.000000,177885.000000,804.000000,5254.000000,5263.500000,5202.000000,5204.000000,-59.000000,5368.000000,5113.000000
10:30:19,5207.500000,127.000000,36498.000000,630.000000,5209.000000,520.000000,176809.000000,782.000000,5254.000000,5263.500000,5202.000000,5209.500000,-53.500000,5368.000000,5113.000000
10:31:19,5208.000000,146.000000,36905.000000,642.000000,5209.500000,147.000000,176836.000000,790.000000,5254.000000,5263.500000,5202.000000,5209.000000,-54.000000,5368.000000,5113.000000
10:32:19,5208.500000,200.000000,39425.000000,671.000000,5209.500000,287.000000,176701.000000,800.000000,5254.000000,5263.500000,5202.000000,5209.500000,-53.500000,5368.000000,5113.000000
10:33:19,5205.500000,50.000000,39111.000000,656.000000,5207.000000,966.000000,177481.000000,820.000000,5254.000000,5263.500000,5202.000000,5207.000000,-56.000000,5368.000000,5113.000000
10:34:19,5205.500000,150.000000,39081.000000,668.000000,5206.000000,1056.000000,178426.000000,829.000000,5254.000000,5263.500000,5202.000000,5206.000000,-57.000000,5368.000000,5113.000000
10:35:19,5205.500000,70.000000,39232.000000,683.000000,5206.000000,89.000000,177164.000000,822.000000,5254.000000,5263.500000,5202.000000,5205.500000,-57.500000,5368.000000,5113.000000
10:36:19,5204.000000,44.000000,38642.000000,677.000000,5205.000000,74.000000,177549.000000,840.000000,5254.000000,5263.500000,5202.000000,5205.000000,-58.000000,5368.000000,5100.500000
10:37:19,5204.500000,70.000000,38792.000000,691.000000,5205.500000,202.000000,178165.000000,838.000000,5254.000000,5263.500000,5202.000000,5205.500000,-57.500000,5368.000000,5100.500000
10:38:19,5196.500000,380.000000,28533.000000,529.000000,5198.000000,70.000000,177913.000000,853.000000,5254.000000,5263.500000,5196.500000,5198.000000,-65.000000,5368.000000,4900.000000
10:39:19,5192.500000,70.000000,30595.000000,541.000000,5193.500000,180.000000,180840.000000,945.000000,5254.000000,5263.500000,5192.000000,5193.500000,-69.500000,5368.000000,4900.000000
10:40:19,5193.000000,100.000000,30760.000000,570.000000,5194.500000,296.000000,180051.000000,934.000000,5254.000000,5263.500000,5190.000000,5193.000000,-70.000000,5368.000000,4900.000000
10:41:19,5193.000000,46.000000,31233.000000,605.000000,5195.000000,69.000000,180175.000000,950.000000,5254.000000,5263.500000,5190.000000,5195.000000,-68.000000,5368.000000,4900.000000
10:42:19,5193.000000,73.000000,31350.000000,632.000000,5194.500000,300.000000,180418.000000,967.000000,5254.000000,5263.500000,5190.000000,5194.500000,-68.500000,5368.000000,4900.000000
10:43:19,5193.000000,50.000000,31611.000000,642.000000,5195.000000,1167.000000,180787.000000,968.000000,5254.000000,5263.500000,5190.000000,5194.000000,-69.000000,5368.000000,4900.000000
10:44:19,5186.000000,90.000000,26703.000000,560.000000,5186.500000,48.000000,180411.000000,979.000000,5254.000000,5263.500000,5183.000000,5186.000000,-77.000000,5368.000000,4900.000000
10:45:19,5182.500000,51.000000,26631.000000,582.000000,5183.000000,38.000000,182442.000000,988.000000,5254.000000,5263.500000,5182.000000,5182.000000,-81.000000,5368.000000,4900.000000
10:46:19,5182.000000,81.000000,26852.000000,575.000000,5183.500000,69.000000,181766.000000,985.000000,5254.000000,5263.500000,5179.000000,5183.500000,-79.500000,5368.000000,4900.000000
10:47:19,5181.000000,264.000000,27729.000000,605.000000,5182.500000,761.000000,183094.000000,996.000000,5254.000000,5263.500000,5179.000000,5181.000000,-82.000000,5368.000000,4900.000000
10:48:19,5179.000000,97.000000,30604.000000,621.000000,5180.000000,45.000000,181228.000000,997.000000,5254.000000,5263.500000,5178.500000,5180.000000,-83.000000,5368.000000,4900.000000
10:49:19,5179.000000,44.000000,31043.000000,633.000000,5181.000000,1069.000000,181578.000000,1003.000000,5254.000000,5263.500000,5178.500000,5181.000000,-82.000000,5368.000000,4900.000000
10:50:20,5176.500000,70.000000,30334.000000,615.000000,5178.500000,118.000000,181783.000000,1011.000000,5254.000000,5263.500000,5176.500000,5179.500000,-83.500000,5368.000000,4900.000000
10:51:19,5177.500000,30.000000,30780.000000,643.000000,5179.500000,104.000000,180419.000000,996.000000,5254.000000,5263.500000,5176.500000,5179.500000,-83.500000,5368.000000,4900.000000
10:52:20,5173.000000,97.000000,28385.000000,604.000000,5174.000000,151.000000,181244.000000,1003.000000,5254.000000,5263.500000,5173.000000,5173.000000,-90.000000,5368.000000,4900.000000
10:53:19,5172.500000,3.000000,28465.000000,600.000000,5173.500000,91.000000,180360.000000,988.000000,5254.000000,5263.500000,5170.500000,5173.500000,-89.500000,5368.000000,4900.000000
10:54:20,5172.000000,81.000000,23624.000000,580.000000,5173.500000,45.000000,180064.000000,980.000000,5254.000000,5263.500000,5170.000000,5173.500000,-89.500000,5368.000000,4900.000000
10:55:20,5166.000000,110.000000,22879.000000,563.000000,5168.000000,22.000000,180627.000000,996.000000,5254.000000,5263.500000,5165.500000,5167.500000,-95.500000,5368.000000,4900.000000
10:56:20,5168.000000,202.000000,25628.000000,607.000000,5169.000000,337.000000,180630.000000,987.000000,5254.000000,5263.500000,5165.500000,5169.000000,-94.000000,5368.000000,4900.000000
10:57:20,5167.500000,4.000000,26449.000000,600.000000,5169.000000,473.000000,179054.000000,977.000000,5254.000000,5263.500000,5162.000000,5169.000000,-94.000000,5368.000000,4900.000000
10:58:20,5168.500000,70.000000,28453.000000,630.000000,5169.000000,212.000000,179993.000000,987.000000,5254.000000,5263.500000,5162.000000,5169.000000,-94.000000,5368.000000,4900.000000
10:59:20,5168.000000,121.000000,34287.000000,668.000000,5169.000000,785.000000,180335.000000,983.000000,5254.000000,5263.500000,5162.000000,5169.000000,-94.000000,5368.000000,4900.000000
11:00:20,5173.000000,1.000000,36586.000000,703.000000,5173.500000,55.000000,179645.000000,977.000000,5254.000000,5263.500000,5162.000000,5173.500000,-89.500000,5368.000000,4900.000000
11:01:21,5180.500000,50.000000,39381.000000,741.000000,5181.000000,48.000000,179097.000000,983.000000,5254.000000,5263.500000,5162.000000,5181.000000,-82.000000,5368.000000,4900.000000
11:02:21,5183.500000,32.000000,40879.000000,770.000000,5184.500000,190.000000,178975.000000,992.000000,5254.000000,5263.500000,5162.000000,5184.500000,-78.500000,5368.000000,4900.000000
11:03:21,5186.500000,70.000000,40358.000000,784.000000,5187.500000,25.000000,178121.000000,974.000000,5254.000000,5263.500000,5162.000000,5187.000000,-76.000000,5368.000000,4900.000000
11:04:21,5187.000000,2.000000,40679.000000,792.000000,5188.500000,42.000000,178255.000000,981.000000,5254.000000,5263.500000,5162.000000,5188.500000,-74.500000,5368.000000,4900.000000
11:05:21,5182.500000,65.000000,40590.000000,795.000000,5184.500000,3.000000,180604.000000,1025.000000,5254.000000,5263.500000,5162.000000,5184.500000,-78.500000,5368.000000,4900.000000
11:06:21,5185.000000,327.000000,41517.000000,809.000000,5188.000000,127.000000,180693.000000,1012.000000,5254.000000,5263.500000,5162.000000,5187.500000,-75.500000,5368.000000,4900.000000
11:07:21,5188.000000,105.000000,41817.000000,815.000000,5188.500000,95.000000,180244.000000,1012.000000,5254.000000,5263.500000,5162.000000,5188.000000,-75.000000,5368.000000,4900.000000
11:08:21,5190.500000,193.000000,43870.000000,830.000000,5192.500000,70.000000,179714.000000,1003.000000,5254.000000,5263.500000,5162.000000,5193.000000,-70.000000,5368.000000,4900.000000
11:09:21,5185.500000,191.000000,41085.000000,819.000000,5187.500000,53.000000,181245.000000,1025.000000,5254.000000,5263.500000,5162.000000,5187.000000,-76.000000,5368.000000,4900.000000
11:10:21,5186.000000,19.000000,40781.000000,815.000000,5187.000000,6.000000,181815.000000,1026.000000,5254.000000,5263.500000,5162.000000,5187.000000,-76.000000,5368.000000,4900.000000
11:11:21,5182.000000,5.000000,39686.000000,804.000000,5183.500000,192.000000,182773.000000,1047.000000,5254.000000,5263.500000,5162.000000,5183.500000,-79.500000,5368.000000,4900.000000
11:12:21,5182.000000,70.000000,39236.000000,803.000000,5183.500000,205.000000,183295.000000,1065.000000,5254.000000,5263.500000,5162.000000,5183.500000,-79.500000,5368.000000,4900.000000
11:13:21,5178.500000,70.000000,39258.000000,808.000000,5180.500000,195.000000,183545.000000,1070.000000,5254.000000,5263.500000,5162.000000,5180.500000,-82.500000,5368.000000,4900.000000
11:14:21,5176.000000,194.000000,38884.000000,801.000000,5177.000000,20.000000,183691.000000,1078.000000,5254.000000,5263.500000,5162.000000,5176.500000,-86.500000,5368.000000,4900.000000
11:15:21,5175.500000,10.000000,38201.000000,796.000000,5176.500000,70.000000,184295.000000,1090.000000,5254.000000,5263.500000,5162.000000,5176.000000,-87.000000,5368.000000,4900.000000
11:16:21,5173.000000,5.000000,37789.000000,810.000000,5175.500000,203.000000,184078.000000,1084.000000,5254.000000,5263.500000,5162.000000,5173.000000,-90.000000,5368.000000,4900.000000
11:17:21,5172.000000,169.000000,39195.000000,824.000000,5173.500000,164.000000,184044.000000,1093.000000,5254.000000,5263.500000,5162.000000,5173.500000,-89.500000,5368.000000,4900.000000
11:18:22,5177.500000,70.000000,42124.000000,870.000000,5180.000000,107.000000,183102.000000,1069.000000,5254.000000,5263.500000,5162.000000,5179.500000,-83.500000,5368.000000,4900.000000
11:19:22,5181.500000,101.000000,42903.000000,883.000000,5183.000000,70.000000,182766.000000,1065.000000,5254.000000,5263.500000,5162.000000,5181.500000,-81.500000,5368.000000,4900.000000
11:20:23,5187.000000,139.000000,45338.000000,902.000000,5189.500000,450.000000,182251.000000,1050.000000,5254.000000,5263.500000,5162.000000,5189.500000,-73.500000,5368.000000,4900.000000
11:21:23,5183.000000,22.000000,42787.000000,880.000000,5184.500000,59.000000,183304.000000,1084.000000,5254.000000,5263.500000,5162.000000,5184.500000,-78.500000,5368.000000,4900.000000
11:22:23,5182.500000,119.000000,52045.000000,897.000000,5184.500000,98.000000,183288.000000,1079.000000,5254.000000,5263.500000,5162.000000,5184.500000,-78.500000,5368.000000,4900.000000
11:23:23,5182.500000,56.000000,52497.000000,904.000000,5184.500000,56.000000,183627.000000,1088.000000,5254.000000,5263.500000,5162.000000,5184.000000,-79.000000,5368.000000,4900.000000
11:24:23,5177.000000,61.000000,46462.000000,883.000000,5179.500000,100.000000,183361.000000,1101.000000,5254.000000,5263.500000,5162.000000,5180.000000,-83.000000,5368.000000,4900.000000
11:25:23,5175.500000,1.000000,45559.000000,883.000000,5176.000000,129.000000,184496.000000,1107.000000,5254.000000,5263.500000,5162.000000,5175.000000,-88.000000,5368.000000,4900.000000
11:26:23,5176.500000,206.000000,46406.000000,902.000000,5179.000000,337.000000,183740.000000,1098.000000,5254.000000,5263.500000,5162.000000,5179.000000,-84.000000,5368.000000,4900.000000
11:27:23,5177.000000,20.000000,46263.000000,903.000000,5178.500000,165.000000,183877.000000,1098.000000,5254.000000,5263.500000,5162.000000,5178.500000,-84.500000,5368.000000,4900.000000
11:28:23,5176.000000,7.000000,45780.000000,899.000000,5177.500000,15.000000,184004.000000,1098.000000,5254.000000,5263.500000,5162.000000,5177.500000,-85.500000,5368.000000,4900.000000
11:29:23,5178.000000,163.000000,46696.000000,920.000000,5178.500000,102.000000,183586.000000,1093.000000,5254.000000,5263.500000,5162.000000,5178.500000,-84.500000,5368.000000,4900.000000
11:30:23,5174.000000,70.000000,44826.000000,883.000000,5175.500000,65.000000,185634.000000,1118.000000,5254.000000,5263.500000,5162.000000,5175.000000,-88.000000,5368.000000,4900.000000
11:31:23,5176.000000,70.000000,46113.000000,917.000000,5178.500000,65.000000,184140.000000,1099.000000,5254.000000,5263.500000,5162.000000,5178.500000,-84.500000,5368.000000,4900.000000
11:32:23,5178.500000,5.000000,46509.000000,917.000000,5180.000000,117.000000,184506.000000,1112.000000,5254.000000,5263.500000,5162.000000,5179.500000,-83.500000,5368.000000,4900.000000
11:33:23,5176.000000,155.000000,46025.000000,913.000000,5178.000000,70.000000,185119.000000,1122.000000,5254.000000,5263.500000,5162.000000,5176.500000,-86.500000,5385.000000,4900.000000
11:34:23,5180.500000,96.000000,47315.000000,936.000000,5182.500000,113.000000,183722.000000,1098.000000,5254.000000,5263.500000,5162.000000,5182.500000,-80.500000,5385.000000,4900.000000
11:35:23,5186.500000,70.000000,50060.000000,945.000000,5188.500000,220.000000,182771.000000,1074.000000,5254.000000,5263.500000,5162.000000,5188.000000,-75.000000,5385.000000,4900.000000
11:36:23,5187.500000,75.000000,50239.000000,950.000000,5190.500000,352.000000,181930.000000,1074.000000,5254.000000,5263.500000,5162.000000,5190.500000,-72.500000,5415.000000,4900.000000
11:37:23,5187.500000,137.000000,50073.000000,945.000000,5189.500000,125.000000,183097.000000,1088.000000,5254.000000,5263.500000,5162.000000,5189.500000,-73.500000,5415.000000,4900.000000
11:38:24,5187.500000,234.000000,50621.000000,955.000000,5189.000000,138.000000,183365.000000,1087.000000,5254.000000,5263.500000,5162.000000,5189.000000,-74.000000,5415.000000,4900.000000
11:39:24,5188.500000,64.000000,50581.000000,962.000000,5189.000000,91.000000,183377.000000,1089.000000,5254.000000,5263.500000,5162.000000,5189.000000,-74.000000,5415.000000,4900.000000
11:40:24,5189.000000,9.000000,50728.000000,967.000000,5189.500000,261.000000,182501.000000,1085.000000,5254.000000,5263.500000,5162.000000,5189.500000,-73.500000,5415.000000,4900.000000
11:41:24,5189.000000,50.000000,50574.000000,972.000000,5189.500000,40.000000,182743.000000,1078.000000,5254.000000,5263.500000,5162.000000,5189.500000,-73.500000,5415.000000,4900.000000
11:42:24,5189.500000,101.000000,48712.000000,977.000000,5190.000000,271.000000,182049.000000,1078.000000,5254.000000,5263.500000,5162.000000,5190.000000,-73.000000,5415.000000,4900.000000
11:43:24,5183.000000,44.000000,47873.000000,945.000000,5183.500000,70.000000,184549.000000,1100.000000,5254.000000,5263.500000,5162.000000,5184.500000,-78.500000,5415.000000,4900.000000
11:44:24,5180.000000,53.000000,47192.000000,939.000000,5181.500000,70.000000,185072.000000,1120.000000,5254.000000,5263.500000,5162.000000,5181.000000,-82.000000,5415.000000,4900.000000
11:45:24,5181.500000,45.000000,47345.000000,940.000000,5183.500000,68.000000,184857.000000,1108.000000,5254.000000,5263.500000,5162.000000,5183.500000,-79.500000,5415.000000,4900.000000
11:46:24,5179.500000,70.000000,46683.000000,924.000000,5181.000000,71.000000,185420.000000,1114.000000,5254.000000,5263.500000,5162.000000,5180.500000,-82.500000,5415.000000,4900.000000
11:47:24,5179.000000,162.000000,46403.000000,929.000000,5180.500000,487.000000,185510.000000,1112.000000,5254.000000,5263.500000,5162.000000,5180.500000,-82.500000,5415.000000,4900.000000
11:48:24,5180.500000,210.000000,46969.000000,941.000000,5182.000000,149.000000,184556.000000,1102.000000,5254.000000,5263.500000,5162.000000,5182.000000,-81.000000,5415.000000,4900.000000
11:49:24,5182.000000,120.000000,47554.000000,958.000000,5184.500000,124.000000,183727.000000,1099.000000,5254.000000,5263.500000,5162.000000,5184.000000,-79.000000,5415.000000,4900.000000
11:50:24,5188.500000,45.000000,48657.000000,974.000000,5189.500000,200.000000,183041.000000,1084.000000,5254.000000,5263.500000,5162.000000,5189.000000,-74.000000,5415.000000,4900.000000
11:51:24,5187.000000,3.000000,48400.000000,976.000000,5188.500000,19.000000,183786.000000,1093.000000,5254.000000,5263.500000,5162.000000,5188.500000,-74.500000,5415.000000,4900.000000
11:52:24,5188.000000,141.000000,48073.000000,980.000000,5189.500000,299.000000,183821.000000,1090.000000,5254.000000,5263.500000,5162.000000,5189.500000,-73.500000,5415.000000,4900.000000
11:53:24,5188.500000,70.000000,48410.000000,981.000000,5189.500000,330.000000,183345.000000,1093.000000,5254.000000,5263.500000,5162.000000,5189.500000,-73.500000,5415.000000,4900.000000
11:54:24,5185.500000,70.000000,45754.000000,968.000000,5188.000000,258.000000,183701.000000,1105.000000,5254.000000,5263.500000,5162.000000,5188.000000,-75.000000,5415.000000,4900.000000
11:55:24,5186.500000,103.000000,45642.000000,969.000000,5188.000000,85.000000,183442.000000,1105.000000,5254.000000,5263.500000,5162.000000,5188.500000,-74.500000,5415.000000,4900.000000
11:56:24,5191.000000,7.000000,47117.000000,994.000000,5192.000000,183.000000,182056.000000,1078.000000,5254.000000,5263.500000,5162.000000,5192.000000,-71.000000,5415.000000,4900.000000
11:57:25,5194.000000,52.000000,46917.000000,1004.000000,5196.500000,166.000000,181199.000000,1069.000000,5254.000000,5263.500000,5162.000000,5194.000000,-69.000000,5415.000000,4900.000000
11:58:25,5188.500000,121.000000,45276.000000,997.000000,5191.000000,56.000000,181219.000000,1087.000000,5254.000000,5263.500000,5162.000000,5189.500000,-73.500000,5415.000000,4900.000000
11:59:25,5188.500000,71.000000,44786.000000,995.000000,5190.000000,88.000000,182223.000000,1106.000000,5254.000000,5263.500000,5162.000000,5188.500000,-74.500000,5415.000000,4900.000000
12:00:25,5188.000000,122.000000,45204.000000,1001.000000,5190.500000,168.000000,182107.000000,1093.000000,5254.000000,5263.500000,5162.000000,5188.500000,-74.500000,5415.000000,4900.000000
12:01:25,5189.500000,49.000000,46054.000000,1013.000000,5191.500000,170.000000,181991.000000,1088.000000,5254.000000,5263.500000,5162.000000,5189.500000,-73.500000,5415.000000,4900.000000
12:02:25,5192.000000,97.000000,46705.000000,1025.000000,5194.000000,28.000000,181985.000000,1082.000000,5254.000000,5263.500000,5162.000000,5191.500000,-71.500000,5415.000000,4900.000000
12:03:25,5193.000000,140.000000,47924.000000,1044.000000,5195.000000,27.000000,181569.000000,1074.000000,5254.000000,5263.500000,5162.000000,5194.000000,-69.000000,5415.000000,4900.000000
12:04:25,5199.500000,72.000000,47053.000000,1047.000000,5200.500000,54.000000,180762.000000,1043.000000,5254.000000,5263.500000,5162.000000,5199.000000,-64.000000,5415.000000,4900.000000
12:05:25,5196.500000,58.000000,45571.000000,1043.000000,5198.000000,58.000000,181869.000000,1052.000000,5254.000000,5263.500000,5162.000000,5197.500000,-65.500000,5415.000000,4900.000000
12:06:25,5196.000000,49.000000,44823.000000,1038.000000,5198.000000,182.000000,182112.000000,1069.000000,5254.000000,5263.500000,5162.000000,5196.000000,-67.000000,5415.000000,4900.000000
12:07:25,5192.000000,72.000000,44624.000000,1027.000000,5194.500000,176.000000,183289.000000,1081.000000,5254.000000,5263.500000,5162.000000,5192.000000,-71.000000,5415.000000,4900.000000
12:08:25,5192.000000,149.000000,44775.000000,1036.000000,5194.000000,70.000000,183048.000000,1082.000000,5254.000000,5263.500000,5162.000000,5192.500000,-70.500000,5415.000000,4900.000000
12:09:26,5192.000000,54.000000,45275.000000,1050.000000,5194.000000,70.000000,183468.000000,1084.000000,5254.000000,5263.500000,5162.000000,5192.000000,-71.000000,5415.000000,4900.000000
12:10:25,5194.000000,55.000000,45836.000000,1067.000000,5196.000000,70.000000,182755.000000,1075.000000,5254.000000,5263.500000,5162.000000,5194.000000,-69.000000,5415.000000,4900.000000
12:11:25,5199.500000,193.000000,47910.000000,1076.000000,5201.500000,46.000000,182539.000000,1065.000000,5254.000000,5263.500000,5162.000000,5199.000000,-64.000000,5415.000000,4900.000000
12:12:26,5199.000000,49.000000,47516.000000,1075.000000,5200.500000,56.000000,182174.000000,1071.000000,5254.000000,5263.500000,5162.000000,5200.500000,-62.500000,5415.000000,4900.000000
12:13:26,5199.000000,98.000000,47487.000000,1076.000000,5200.000000,53.000000,182317.000000,1077.000000,5254.000000,5263.500000,5162.000000,5200.000000,-63.000000,5415.000000,4900.000000
12:14:26,5193.000000,49.000000,45230.000000,1062.000000,5195.500000,340.000000,183683.000000,1092.000000,5254.000000,5263.500000,5162.000000,5194.500000,-68.500000,5415.000000,4900.000000
12:15:26,5191.000000,86.000000,44535.000000,1058.000000,5193.500000,288.000000,184412.000000,1100.000000,5254.000000,5263.500000,5162.000000,5191.000000,-72.000000,5415.000000,4900.000000
12:16:26,5191.000000,285.000000,44940.000000,1059.000000,5192.500000,358.000000,184617.000000,1091.000000,5254.000000,5263.500000,5162.000000,5191.000000,-72.000000,5415.000000,4900.000000
12:17:26,5193.500000,159.000000,45355.000000,1077.000000,5194.500000,14.000000,183452.000000,1077.000000,5254.000000,5263.500000,5162.000000,5194.500000,-68.500000,5415.000000,4900.000000
12:18:26,5191.000000,32.000000,44701.000000,1069.000000,5192.000000,70.000000,184471.000000,1104.000000,5254.000000,5263.500000,5162.000000,5191.000000,-72.000000,5415.000000,4900.000000
12:19:26,5192.500000,47.000000,45385.000000,1077.000000,5194.000000,51.000000,183994.000000,1098.000000,5254.000000,5263.500000,5162.000000,5192.500000,-70.500000,5415.000000,4900.000000
12:20:26,5195.500000,132.000000,47448.000000,1105.000000,5197.000000,150.000000,182780.000000,1080.000000,5254.000000,5263.500000,5162.000000,5195.500000,-67.500000,5415.000000,4900.000000
12:21:26,5196.000000,108.000000,47679.000000,1112.000000,5197.000000,219.000000,182875.000000,1082.000000,5254.000000,5263.500000,5162.000000,5196.000000,-67.000000,5415.000000,4900.000000
12:22:26,5196.500000,50.000000,48051.000000,1118.000000,5198.000000,114.000000,182810.000000,1083.000000,5254.000000,5263.500000,5162.000000,5198.000000,-65.000000,5415.000000,4900.000000
12:23:26,5196.500000,58.000000,47411.000000,1117.000000,5197.500000,67.000000,183108.000000,1090.000000,5254.000000,5263.500000,5162.000000,5196.500000,-66.500000,5415.000000,4900.000000
12:24:26,5194.500000,78.000000,46570.000000,1104.000000,5195.000000,163.000000,184087.000000,1108.000000,5254.000000,5263.500000,5162.000000,5194.500000,-68.500000,5415.000000,4900.000000
12:25:26,5193.500000,213.000000,46554.000000,1106.000000,5196.000000,221.000000,183755.000000,1099.000000,5254.000000,5263.500000,5162.000000,5193.500000,-69.500000,5415.000000,4900.000000
12:26:26,5195.500000,74.000000,46746.000000,1111.000000,5197.500000,70.000000,183321.000000,1089.000000,5254.000000,5263.500000,5162.000000,5198.000000,-65.000000,5415.000000,4900.000000
12:27:26,5192.500000,49.000000,46414.000000,1102.000000,5194.500000,187.000000,184072.000000,1107.000000,5254.000000,5263.500000,5162.000000,5192.500000,-70.500000,5415.000000,4900.000000
12:28:26,5188.000000,94.000000,45999.000000,1084.000000,5190.000000,193.000000,186163.000000,1124.000000,5254.000000,5263.500000,5162.000000,5189.000000,-74.000000,5415.000000,4900.000000
12:29:26,5188.000000,30.000000,45374.000000,1084.000000,5189.000000,8.000000,185959.000000,1122.000000,5254.000000,5263.500000,5162.000000,5188.000000,-75.000000,5415.000000,4900.000000
12:30:26,5180.500000,69.000000,43299.000000,1032.000000,5182.000000,89.000000,187067.000000,1133.000000,5254.000000,5263.500000,5162.000000,5180.500000,-82.500000,5415.000000,4900.000000
12:31:26,5181.000000,29.000000,43190.000000,1044.000000,5182.000000,93.000000,187844.000000,1140.000000,5254.000000,5263.500000,5162.000000,5181.000000,-82.000000,5415.000000,4900.000000
12:32:27,5180.000000,72.000000,43183.000000,1040.000000,5181.500000,60.000000,187685.000000,1144.000000,5254.000000,5263.500000,5162.000000,5181.500000,-81.500000,5415.000000,4900.000000
12:33:26,5180.500000,92.000000,44564.000000,1056.000000,5182.500000,42.000000,187966.000000,1146.000000,5254.000000,5263.500000,5162.000000,5180.500000,-82.500000,5415.000000,4900.000000
12:34:27,5180.000000,61.000000,44492.000000,1062.000000,5182.000000,293.000000,188469.000000,1154.000000,5254.000000,5263.500000,5162.000000,5181.500000,-81.500000,5415.000000,4900.000000
12:35:26,5175.000000,9.000000,44190.000000,1032.000000,5176.500000,170.000000,190341.000000,1169.000000,5254.000000,5263.500000,5162.000000,5175.000000,-88.000000,5415.000000,4900.000000
12:36:27,5175.500000,85.000000,44778.000000,1044.000000,5177.000000,55.000000,188762.000000,1156.000000,5254.000000,5263.500000,5162.000000,5175.500000,-87.500000,5415.000000,4900.000000
12:37:27,5174.000000,107.000000,44181.000000,1026.000000,5175.000000,70.000000,189637.000000,1178.000000,5254.000000,5263.500000,5162.000000,5174.000000,-89.000000,5415.000000,4900.000000
12:38:27,5174.000000,262.000000,44775.000000,1040.000000,5176.500000,230.000000,189441.000000,1176.000000,5254.000000,5263.500000,5162.000000,5174.500000,-88.500000,5415.000000,4900.000000
12:39:27,5174.500000,237.000000,45007.000000,1048.000000,5175.500000,246.000000,188976.000000,1177.000000,5254.000000,5263.500000,5162.000000,5174.500000,-88.500000,5415.000000,4900.000000
12:40:27,5176.000000,233.000000,45288.000000,1057.000000,5176.500000,172.000000,188813.000000,1171.000000,5254.000000,5263.500000,5162.000000,5176.000000,-87.000000,5415.000000,4900.000000
12:41:27,5178.500000,117.000000,45211.000000,1064.000000,5179.000000,120.000000,187627.000000,1157.000000,5254.000000,5263.500000,5162.000000,5178.500000,-84.500000,5415.000000,4900.000000
12:42:27,5176.500000,156.000000,45118.000000,1063.000000,5177.000000,65.000000,188592.000000,1176.000000,5254.000000,5263.500000,5162.000000,5176.500000,-86.500000,5415.000000,4900.000000
12:43:27,5173.500000,5.000000,44253.000000,1051.000000,5174.500000,167.000000,189479.000000,1194.000000,5254.000000,5263.500000,5162.000000,5173.000000,-90.000000,5415.000000,4900.000000
12:44:27,5173.000000,193.000000,44463.000000,1059.000000,5174.000000,110.000000,189383.000000,1192.000000,5254.000000,5263.500000,5162.000000,5174.000000,-89.000000,5415.000000,4900.000000
12:45:26,5173.000000,193.000000,44730.000000,1063.000000,5174.000000,210.000000,189552.000000,1196.000000,5254.000000,5263.500000,5162.000000,5173.500000,-89.500000,5415.000000,4900.000000
12:47:31,5172.500000,160.000000,44395.000000,1068.000000,5173.500000,182.000000,189162.000000,1194.000000,5254.000000,5263.500000,5162.000000,5172.500000,-90.500000,5415.000000,4900.000000
12:48:31,5173.500000,70.000000,44791.000000,1073.000000,5174.000000,370.000000,189192.000000,1191.000000,5254.000000,5263.500000,5162.000000,5173.000000,-90.000000,5415.000000,4900.000000
12:49:31,5173.000000,256.000000,44674.000000,1077.000000,5173.500000,90.000000,187096.000000,1179.000000,5254.000000,5263.500000,5162.000000,5173.000000,-90.000000,5415.000000,4900.000000
12:50:31,5173.500000,69.000000,45014.000000,1089.000000,5175.000000,110.000000,186785.000000,1173.000000,5254.000000,5263.500000,5162.000000,5174.000000,-89.000000,5415.000000,4900.000000
12:51:31,5177.000000,120.000000,45668.000000,1110.000000,5178.000000,120.000000,185914.000000,1160.000000,5254.000000,5263.500000,5162.000000,5178.000000,-85.000000,5415.000000,4900.000000
12:52:31,5177.500000,319.000000,45922.000000,1110.000000,5178.000000,115.000000,185817.000000,1155.000000,5254.000000,5263.500000,5162.000000,5177.500000,-85.500000,5415.000000,4900.000000
12:53:31,5177.000000,182.000000,45826.000000,1112.000000,5177.500000,166.000000,185904.000000,1157.000000,5254.000000,5263.500000,5162.000000,5177.500000,-85.500000,5415.000000,4900.000000
12:54:31,5175.000000,169.000000,45289.000000,1100.000000,5177.000000,120.000000,186941.000000,1174.000000,5254.000000,5263.500000,5162.000000,5176.000000,-87.000000,5415.000000,4900.000000
12:55:31,5176.000000,299.000000,45618.000000,1111.000000,5177.000000,170.000000,186954.000000,1167.000000,5254.000000,5263.500000,5162.000000,5176.000000,-87.000000,5415.000000,4900.000000
12:56:31,5176.000000,219.000000,46083.000000,1117.000000,5177.500000,100.000000,186320.000000,1158.000000,5254.000000,5263.500000,5162.000000,5176.500000,-86.500000,5415.000000,4900.000000
12:57:31,5176.500000,168.000000,46130.000000,1121.000000,5177.500000,70.000000,186673.000000,1165.000000,5254.000000,5263.500000,5162.000000,5176.500000,-86.500000,5415.000000,4900.000000
12:58:31,5176.500000,173.000000,46181.000000,1127.000000,5177.500000,170.000000,186553.000000,1166.000000,5254.000000,5263.500000,5162.000000,5176.500000,-86.500000,5415.000000,4900.000000
12:59:31,5175.000000,47.000000,45796.000000,1117.000000,5176.000000,109.000000,186912.000000,1175.000000,5254.000000,5263.500000,5162.000000,5175.000000,-88.000000,5415.000000,4900.000000
13:00:31,5174.500000,41.000000,45796.000000,1119.000000,5176.000000,254.000000,187029.000000,1180.000000,5254.000000,5263.500000,5162.000000,5174.500000,-88.500000,5415.000000,4900.000000
13:01:31,5180.000000,47.000000,47456.000000,1140.000000,5182.500000,172.000000,185467.000000,1154.000000,5254.000000,5263.500000,5162.000000,5180.000000,-83.000000,5415.000000,4900.000000
13:02:31,5180.500000,97.000000,47201.000000,1145.000000,5182.000000,146.000000,185568.000000,1155.000000,5254.000000,5263.500000,5162.000000,5182.000000,-81.000000,5415.000000,4900.000000
13:03:31,5178.000000,161.000000,46916.000000,1129.000000,5180.500000,67.000000,185664.000000,1164.000000,5254.000000,5263.500000,5162.000000,5180.500000,-82.500000,5415.000000,4900.000000
13:04:31,5178.000000,91.000000,44355.000000,1126.000000,5179.500000,168.000000,187108.000000,1174.000000,5254.000000,5263.500000,5162.000000,5178.000000,-85.000000,5415.000000,4900.000000
13:05:31,5179.500000,142.000000,45132.000000,1144.000000,5181.500000,237.000000,186208.000000,1156.000000,5254.000000,5263.500000,5162.000000,5179.500000,-83.500000,5415.000000,4900.000000
13:06:31,5180.000000,72.000000,45234.000000,1144.000000,5180.500000,70.000000,186834.000000,1156.000000,5254.000000,5263.500000,5162.000000,5180.000000,-83.000000,5415.000000,4900.000000
13:07:31,5176.500000,70.000000,44306.000000,1128.000000,5178.500000,230.000000,187204.000000,1176.000000,5254.000000,5263.500000,5162.000000,5176.500000,-86.500000,5415.000000,4900.000000
13:08:31,5175.000000,430.000000,44008.000000,1121.000000,5176.000000,100.000000,188017.000000,1181.000000,5254.000000,5263.500000,5162.000000,5175.000000,-88.000000,5415.000000,4900.000000
13:09:31,5178.500000,170.000000,44424.000000,1148.000000,5180.000000,59.000000,186949.000000,1156.000000,5254.000000,5263.500000,5162.000000,5179.000000,-84.000000,5415.000000,4900.000000
13:10:32,5180.500000,436.000000,45448.000000,1161.000000,5183.500000,101.000000,187324.000000,1156.000000,5254.000000,5263.500000,5162.000000,5183.500000,-79.500000,5415.000000,4900.000000
13:11:32,5183.500000,70.000000,46011.000000,1173.000000,5186.000000,370.000000,186587.000000,1158.000000,5254.000000,5263.500000,5162.000000,5186.500000,-76.500000,5415.000000,4900.000000
13:12:31,5183.500000,61.000000,45400.000000,1162.000000,5184.500000,166.000000,186133.000000,1164.000000,5254.000000,5263.500000,5162.000000,5181.500000,-81.500000,5415.000000,4900.000000
13:13:32,5181.500000,376.000000,45448.000000,1165.000000,5184.000000,473.000000,186486.000000,1169.000000,5254.000000,5263.500000,5162.000000,5181.500000,-81.500000,5415.000000,4900.000000
13:14:31,5182.000000,70.000000,45526.000000,1168.000000,5183.500000,100.000000,186356.000000,1167.000000,5254.000000,5263.500000,5162.000000,5181.500000,-81.500000,5415.000000,4900.000000
13:15:32,5182.000000,141.000000,45530.000000,1177.000000,5183.500000,88.000000,186941.000000,1166.000000,5254.000000,5263.500000,5162.000000,5182.000000,-81.000000,5415.000000,4900.000000
13:16:32,5177.500000,236.000000,44258.000000,1149.000000,5179.500000,120.000000,187114.000000,1175.000000,5254.000000,5263.500000,5162.000000,5178.000000,-85.000000,5415.000000,4900.000000
13:17:32,5178.000000,188.000000,44207.000000,1149.000000,5179.000000,106.000000,187990.000000,1176.000000,5254.000000,5263.500000,5162.000000,5178.000000,-85.000000,5415.000000,4900.000000
13:18:32,5178.000000,142.000000,44269.000000,1154.000000,5179.000000,169.000000,188263.000000,1180.000000,5254.000000,5263.500000,5162.000000,5178.000000,-85.000000,5415.000000,4900.000000
13:19:32,5178.000000,365.000000,44515.000000,1162.000000,5178.500000,80.000000,188175.000000,1183.000000,5254.000000,5263.500000,5162.000000,5178.500000,-84.500000,5415.000000,4900.000000
13:20:32,5179.500000,370.000000,45095.000000,1179.000000,5182.000000,110.000000,187143.000000,1165.000000,5254.000000,5263.500000,5162.000000,5179.500000,-83.500000,5415.000000,4900.000000
13:21:32,5178.500000,70.000000,44912.000000,1173.000000,5180.500000,170.000000,187521.000000,1172.000000,5254.000000,5263.500000,5162.000000,5180.000000,-83.000000,5415.000000,4900.000000
13:22:32,5178.000000,47.000000,44951.000000,1175.000000,5179.500000,100.000000,187830.000000,1173.000000,5254.000000,5263.500000,5162.000000,5178.000000,-85.000000,5415.000000,4900.000000
13:23:32,5178.000000,196.000000,44829.000000,1180.000000,5179.500000,100.000000,187814.000000,1173.000000,5254.000000,5263.500000,5162.000000,5178.000000,-85.000000,5415.000000,4900.000000
13:24:32,5178.500000,68.000000,45158.000000,1190.000000,5180.000000,4.000000,187593.000000,1173.000000,5254.000000,5263.500000,5162.000000,5178.500000,-84.500000,5415.000000,4900.000000
13:25:32,5178.500000,112.000000,45043.000000,1193.000000,5180.000000,200.000000,187703.000000,1170.000000,5254.000000,5263.500000,5162.000000,5178.500000,-84.500000,5415.000000,4900.000000
13:26:32,5180.000000,222.000000,44823.000000,1192.000000,5180.500000,203.000000,188055.000000,1178.000000,5254.000000,5263.500000,5162.000000,5180.000000,-83.000000,5415.000000,4900.000000
13:27:32,5178.000000,287.000000,44878.000000,1194.000000,5179.500000,196.000000,188223.000000,1180.000000,5254.000000,5263.500000,5162.000000,5178.000000,-85.000000,5415.000000,4900.000000
13:28:32,5178.500000,38.000000,44635.000000,1191.000000,5179.500000,446.000000,188265.000000,1180.000000,5254.000000,5263.500000,5162.000000,5178.500000,-84.500000,5415.000000,4900.000000
13:29:32,5174.000000,52.000000,43631.000000,1167.000000,5176.000000,570.000000,189315.000000,1195.000000,5254.000000,5263.500000,5162.000000,5174.000000,-89.000000,5415.000000,4900.000000
13:30:32,5175.500000,391.000000,44409.000000,1188.000000,5178.000000,88.000000,188423.000000,1179.000000,5254.000000,5263.500000,5162.000000,5176.500000,-86.500000,5415.000000,4900.000000
13:31:33,5176.500000,79.000000,44246.000000,1187.000000,5178.500000,120.000000,189299.000000,1180.000000,5254.000000,5263.500000,5162.000000,5176.500000,-86.500000,5415.000000,4900.000000
13:32:33,5177.000000,226.000000,44537.000000,1189.000000,5178.500000,267.000000,188876.000000,1185.000000,5254.000000,5263.500000,5162.000000,5177.000000,-86.000000,5415.000000,4900.000000
13:33:33,5177.000000,393.000000,45417.000000,1197.000000,5179.500000,148.000000,188549.000000,1180.000000,5254.000000,5263.500000,5162.000000,5179.500000,-83.500000,5415.000000,4900.000000
13:34:33,5178.500000,189.000000,45415.000000,1198.000000,5179.500000,142.000000,187962.000000,1176.000000,5254.000000,5263.500000,5162.000000,5178.500000,-84.500000,5415.000000,4900.000000
13:35:33,5179.000000,293.000000,46283.000000,1208.000000,5181.000000,30.000000,187606.000000,1167.000000,5254.000000,5263.500000,5162.000000,5181.000000,-82.000000,5415.000000,4900.000000
13:36:33,5177.000000,250.000000,45796.000000,1189.000000,5178.500000,737.000000,189340.000000,1190.000000,5254.000000,5263.500000,5162.000000,5177.000000,-86.000000,5415.000000,4900.000000
13:37:33,5175.500000,335.000000,44730.000000,1189.000000,5177.500000,139.000000,188808.000000,1187.000000,5254.000000,5263.500000,5162.000000,5175.500000,-87.500000,5415.000000,4900.000000
13:38:33,5175.500000,268.000000,44616.000000,1187.000000,5177.500000,102.000000,188928.000000,1187.000000,5254.000000,5263.500000,5162.000000,5175.500000,-87.500000,5415.000000,4900.000000
13:39:33,5176.500000,74.000000,44635.000000,1189.000000,5178.500000,137.000000,189136.000000,1187.000000,5254.000000,5263.500000,5162.000000,5176.500000,-86.500000,5415.000000,4900.000000
13:40:33,5176.000000,229.000000,44846.000000,1193.000000,5178.500000,287.000000,188603.000000,1184.000000,5254.000000,5263.500000,5162.000000,5176.000000,-87.000000,5415.000000,4900.000000
13:41:33,5176.000000,232.000000,44848.000000,1189.000000,5177.500000,124.000000,189349.000000,1193.000000,5254.000000,5263.500000,5162.000000,5176.000000,-87.000000,5415.000000,4900.000000
13:42:33,5177.000000,50.000000,45278.000000,1204.000000,5178.500000,45.000000,188626.000000,1177.000000,5254.000000,5263.500000,5162.000000,5177.500000,-85.500000,5415.000000,4900.000000
13:43:34,5177.000000,159.000000,44930.000000,1196.000000,5178.000000,210.000000,189148.000000,1187.000000,5254.000000,5263.500000,5162.000000,5178.000000,-85.000000,5415.000000,4900.000000
13:44:34,5176.500000,108.000000,45127.000000,1200.000000,5178.500000,70.000000,188685.000000,1184.000000,5254.000000,5263.500000,5162.000000,5176.500000,-86.500000,5415.000000,4900.000000
13:45:34,5175.500000,365.000000,44752.000000,1194.000000,5178.000000,200.000000,188739.000000,1190.000000,5254.000000,5263.500000,5162.000000,5176.000000,-87.000000,5415.000000,4900.000000
13:46:34,5175.500000,368.000000,44831.000000,1198.000000,5178.000000,88.000000,188660.000000,1188.000000,5254.000000,5263.500000,5162.000000,5175.500000,-87.500000,5415.000000,4900.000000
13:47:34,5175.000000,26.000000,44663.000000,1193.000000,5176.500000,269.000000,189019.000000,1193.000000,5254.000000,5263.500000,5162.000000,5175.500000,-87.500000,5415.000000,4900.000000
13:48:34,5175.500000,475.000000,44980.000000,1198.000000,5176.500000,86.000000,189074.000000,1187.000000,5254.000000,5263.500000,5162.000000,5176.500000,-86.500000,5415.000000,4900.000000
13:49:34,5178.000000,270.000000,46398.000000,1216.000000,5180.000000,49.000000,187916.000000,1176.000000,5254.000000,5263.500000,5162.000000,5180.000000,-83.000000,5415.000000,4900.000000
13:50:34,5178.000000,292.000000,46259.000000,1217.000000,5180.000000,144.000000,188345.000000,1177.000000,5254.000000,5263.500000,5162.000000,5178.000000,-85.000000,5415.000000,4900.000000
13:51:34,5178.000000,279.000000,46169.000000,1218.000000,5179.500000,169.000000,188459.000000,1180.000000,5254.000000,5263.500000,5162.000000,5179.500000,-83.500000,5415.000000,4900.000000
13:52:34,5178.500000,218.000000,46419.000000,1216.000000,5180.000000,121.000000,188914.000000,1183.000000,5254.000000,5263.500000,5162.000000,5179.500000,-83.500000,5415.000000,4900.000000
13:53:34,5178.500000,218.000000,46411.000000,1218.000000,5179.500000,70.000000,188711.000000,1184.000000,5254.000000,5263.500000,5162.000000,5178.500000,-84.500000,5415.000000,4900.000000
13:54:34,5178.500000,65.000000,46348.000000,1218.000000,5179.500000,217.000000,188593.000000,1185.000000,5254.000000,5263.500000,5162.000000,5179.500000,-83.500000,5415.000000,4900.000000
13:55:35,5179.000000,231.000000,46410.000000,1218.000000,5179.500000,279.000000,188533.000000,1182.000000,5254.000000,5263.500000,5162.000000,5179.000000,-84.000000,5415.000000,4900.000000
13:56:34,5177.000000,352.000000,46341.000000,1214.000000,5178.500000,14.000000,188557.000000,1184.000000,5254.000000,5263.500000,5162.000000,5178.500000,-84.500000,5415.000000,4900.000000
13:57:35,5176.500000,303.000000,45514.000000,1202.000000,5178.500000,687.000000,189813.000000,1199.000000,5254.000000,5263.500000,5162.000000,5176.500000,-86.500000,5415.000000,4900.000000
13:58:35,5176.500000,376.000000,45634.000000,1204.000000,5177.000000,203.000000,189342.000000,1195.000000,5254.000000,5263.500000,5162.000000,5176.500000,-86.500000,5415.000000,4900.000000
13:59:35,5176.500000,392.000000,45409.000000,1202.000000,5177.000000,290.000000,189285.000000,1194.000000,5254.000000,5263.500000,5162.000000,5177.000000,-86.000000,5415.000000,4900.000000
14:00:35,5176.000000,208.000000,42659.000000,1168.000000,5176.500000,69.000000,183864.000000,1115.000000,5254.000000,5263.500000,5162.000000,5176.000000,-87.000000,5415.000000,4900.000000
14:01:35,5176.000000,440.000000,42630.000000,1166.000000,5176.500000,190.000000,183865.000000,1122.000000,5254.000000,5263.500000,5162.000000,5176.000000,-87.000000,5415.000000,4900.000000
14:02:35,5170.000000,5144.000000,40468.000000,1087.000000,5170.500000,70.000000,184141.000000,1151.000000,5254.000000,5263.500000,5162.000000,5170.000000,-93.000000,5415.000000,4900.000000
14:03:35,5164.000000,70.000000,32695.000000,947.000000,5166.000000,117.000000,187007.000000,1156.000000,5254.000000,5263.500000,5162.000000,5163.500000,-99.500000,5415.000000,4900.000000
14:04:35,5153.500000,70.000000,26937.000000,766.000000,5154.500000,110.000000,187289.000000,1174.000000,5254.000000,5263.500000,5152.000000,5152.500000,-110.500000,5415.000000,4900.000000
14:05:35,5161.500000,70.000000,31028.000000,849.000000,5163.500000,70.000000,188533.000000,1189.000000,5254.000000,5263.500000,5152.000000,5163.500000,-99.500000,5415.000000,4900.000000
14:06:35,5160.500000,186.000000,30938.000000,852.000000,5162.500000,120.000000,189707.000000,1209.000000,5254.000000,5263.500000,5152.000000,5160.500000,-102.500000,5415.000000,4900.000000
14:07:35,5160.000000,152.000000,30868.000000,866.000000,5161.000000,100.000000,189376.000000,1203.000000,5254.000000,5263.500000,5152.000000,5160.000000,-103.000000,5415.000000,4900.000000
14:08:35,5160.500000,157.000000,31073.000000,880.000000,5162.500000,174.000000,189340.000000,1201.000000,5254.000000,5263.500000,5152.000000,5160.000000,-103.000000,5415.000000,4900.000000
14:09:35,5164.000000,70.000000,32032.000000,904.000000,5165.000000,46.000000,189253.000000,1197.000000,5254.000000,5263.500000,5152.000000,5164.500000,-98.500000,5415.000000,4900.000000
14:10:35,5160.000000,128.000000,31983.000000,897.000000,5161.000000,70.000000,189744.000000,1205.000000,5254.000000,5263.500000,5152.000000,5160.000000,-103.000000,5415.000000,4900.000000
14:11:35,5160.000000,68.000000,32000.000000,907.000000,5161.500000,119.000000,189743.000000,1210.000000,5254.000000,5263.500000,5152.000000,5161.500000,-101.500000,5415.000000,4900.000000
14:12:35,5160.500000,70.000000,31504.000000,906.000000,5162.000000,80.000000,189360.000000,1201.000000,5254.000000,5263.500000,5152.000000,5162.000000,-101.000000,5415.000000,4900.000000
14:13:35,5159.500000,274.000000,31856.000000,910.000000,5161.500000,100.000000,188994.000000,1207.000000,5254.000000,5263.500000,5152.000000,5159.500000,-103.500000,5415.000000,4900.000000
14:14:35,5159.500000,311.000000,32039.000000,917.000000,5161.000000,171.000000,190646.000000,1211.000000,5254.000000,5263.500000,5152.000000,5159.500000,-103.500000,5415.000000,4900.000000
14:15:35,5156.500000,200.000000,31572.000000,913.000000,5158.000000,100.000000,191353.000000,1225.000000,5254.000000,5263.500000,5152.000000,5156.500000,-106.500000,5415.000000,4900.000000
14:16:36,5158.500000,98.000000,31982.000000,935.000000,5159.500000,172.000000,190868.000000,1220.000000,5254.000000,5263.500000,5152.000000,5158.500000,-104.500000,5415.000000,4900.000000
14:17:36,5160.500000,122.000000,32583.000000,949.000000,5162.000000,41.000000,190820.000000,1219.000000,5254.000000,5263.500000,5152.000000,5162.000000,-101.000000,5415.000000,4900.000000
14:18:36,5159.500000,250.000000,32953.000000,952.000000,5161.000000,49.000000,191687.000000,1223.000000,5254.000000,5263.500000,5152.000000,5161.000000,-102.000000,5415.000000,4900.000000
14:19:36,5156.500000,222.000000,32422.000000,945.000000,5159.000000,144.000000,191753.000000,1238.000000,5254.000000,5263.500000,5152.000000,5156.500000,-106.500000,5415.000000,4900.000000
14:20:36,5154.500000,80.000000,31515.000000,924.000000,5157.000000,169.000000,191786.000000,1238.000000,5254.000000,5263.500000,5152.000000,5154.000000,-109.000000,5415.000000,4900.000000
14:21:36,5155.000000,46.000000,31906.000000,941.000000,5156.500000,170.000000,192145.000000,1242.000000,5254.000000,5263.500000,5152.000000,5155.500000,-107.500000,5415.000000,4900.000000
14:22:36,5155.500000,28.000000,32046.000000,949.000000,5156.000000,121.000000,192250.000000,1247.000000,5254.000000,5263.500000,5152.000000,5155.500000,-107.500000,5415.000000,4900.000000
14:23:36,5155.000000,186.000000,32247.000000,957.000000,5157.000000,70.000000,192240.000000,1242.000000,5254.000000,5263.500000,5152.000000,5155.000000,-108.000000,5415.000000,4900.000000
14:24:36,5156.000000,86.000000,33786.000000,975.000000,5158.000000,227.000000,191865.000000,1239.000000,5254.000000,5263.500000,5152.000000,5158.000000,-105.000000,5415.000000,4900.000000
14:25:36,5157.000000,146.000000,34546.000000,983.000000,5157.500000,49.000000,191599.000000,1239.000000,5254.000000,5263.500000,5152.000000,5157.000000,-106.000000,5415.000000,4900.000000
14:26:36,5157.500000,155.000000,34180.000000,992.000000,5158.500000,121.000000,191358.000000,1231.000000,5254.000000,5263.500000,5152.000000,5157.500000,-105.500000,5415.000000,4900.000000
14:27:36,5156.500000,3.000000,34658.000000,985.000000,5158.000000,137.000000,191275.000000,1233.000000,5254.000000,5263.500000,5152.000000,5156.000000,-107.000000,5415.000000,4900.000000
14:28:36,5155.000000,208.000000,35872.000000,985.000000,5157.000000,287.000000,191689.000000,1241.000000,5254.000000,5263.500000,5152.000000,5155.500000,-107.500000,5415.000000,4900.000000
14:29:36,5155.500000,391.000000,36248.000000,991.000000,5157.000000,84.000000,191789.000000,1240.000000,5254.000000,5263.500000,5152.000000,5155.500000,-107.500000,5415.000000,4900.000000
14:30:36,5156.000000,127.000000,36763.000000,1002.000000,5158.000000,274.000000,190426.000000,1237.000000,5254.000000,5263.500000,5152.000000,5158.000000,-105.000000,5415.000000,4900.000000
14:31:36,5157.000000,24.000000,37072.000000,1024.000000,5158.000000,186.000000,189855.000000,1232.000000,5254.000000,5263.500000,5152.000000,5157.500000,-105.500000,5415.000000,4900.000000
14:32:36,5156.000000,10.000000,36837.000000,1017.000000,5157.500000,259.000000,190246.000000,1241.000000,5254.000000,5263.500000,5152.000000,5156.500000,-106.500000,5415.000000,4900.000000
14:33:36,5156.500000,225.000000,37426.000000,1028.000000,5157.500000,192.000000,189843.000000,1240.000000,5254.000000,5263.500000,5152.000000,5156.500000,-106.500000,5415.000000,4900.000000
14:34:36,5157.000000,716.000000,37586.000000,1037.000000,5157.500000,93.000000,189713.000000,1237.000000,5254.000000,5263.500000,5152.000000,5157.500000,-105.500000,5415.000000,4900.000000
14:35:36,5157.000000,722.000000,37790.000000,1042.000000,5157.500000,173.000000,189804.000000,1239.000000,5254.000000,5263.500000,5152.000000,5157.000000,-106.000000,5415.000000,4900.000000
14:36:36,5158.000000,70.000000,38453.000000,1054.000000,5159.500000,69.000000,188669.000000,1225.000000,5254.000000,5263.500000,5152.000000,5159.500000,-103.500000,5415.000000,4900.000000
14:37:37,5158.000000,362.000000,38996.000000,1058.000000,5159.000000,146.000000,189301.000000,1227.000000,5254.000000,5263.500000,5152.000000,5159.000000,-104.000000,5415.000000,4900.000000
14:38:37,5153.500000,277.000000,39271.000000,1002.000000,5155.000000,520.000000,191451.000000,1254.000000,5254.000000,5263.500000,5152.000000,5153.500000,-109.500000,5415.000000,4900.000000
14:39:37,5153.500000,96.000000,38874.000000,1013.000000,5155.000000,549.000000,191498.000000,1259.000000,5254.000000,5263.500000,5152.000000,5153.500000,-109.500000,5415.000000,4900.000000
14:40:37,5154.000000,15.000000,39189.000000,1021.000000,5154.500000,400.000000,191381.000000,1261.000000,5254.000000,5263.500000,5152.000000,5154.000000,-109.000000,5415.000000,4900.000000
14:41:37,5153.500000,280.000000,39625.000000,1028.000000,5154.500000,370.000000,191206.000000,1266.000000,5254.000000,5263.500000,5152.000000,5153.500000,-109.500000,5415.000000,4900.000000
14:42:37,5153.500000,80.000000,39801.000000,1015.000000,5154.000000,116.000000,190644.000000,1265.000000,5254.000000,5263.500000,5151.500000,5154.000000,-109.000000,5415.000000,4900.000000
14:43:37,5153.000000,143.000000,39741.000000,1022.000000,5153.500000,370.000000,190507.000000,1273.000000,5254.000000,5263.500000,5151.500000,5153.000000,-110.000000,5415.000000,4900.000000
14:44:37,5153.000000,91.000000,39839.000000,1031.000000,5153.500000,331.000000,190590.000000,1277.000000,5254.000000,5263.500000,5151.500000,5153.000000,-110.000000,5415.000000,4900.000000
14:45:37,5152.000000,127.000000,40378.000000,1024.000000,5153.500000,340.000000,190713.000000,1283.000000,5254.000000,5263.500000,5151.500000,5153.500000,-109.500000,5415.000000,4900.000000
14:46:37,5152.000000,264.000000,40470.000000,1037.000000,5153.000000,398.000000,190784.000000,1283.000000,5254.000000,5263.500000,5151.500000,5152.000000,-111.000000,5415.000000,4900.000000
14:47:37,5152.500000,10.000000,41219.000000,1046.000000,5153.000000,322.000000,190708.000000,1283.000000,5254.000000,5263.500000,5151.500000,5153.000000,-110.000000,5415.000000,4900.000000
14:48:37,5152.000000,167.000000,40942.000000,1040.000000,5153.000000,419.000000,191170.000000,1288.000000,5254.000000,5263.500000,5151.500000,5152.000000,-111.000000,5415.000000,4900.000000
14:49:37,5152.500000,29.000000,40711.000000,1053.000000,5153.000000,280.000000,190658.000000,1280.000000,5254.000000,5263.500000,5151.500000,5153.000000,-110.000000,5415.000000,4900.000000
14:50:37,5154.000000,114.000000,41116.000000,1067.000000,5154.500000,400.000000,190335.000000,1272.000000,5254.000000,5263.500000,5151.500000,5154.000000,-109.000000,5415.000000,4900.000000
14:51:37,5153.000000,5.000000,40899.000000,1069.000000,5153.500000,70.000000,190474.000000,1281.000000,5254.000000,5263.500000,5151.500000,5153.000000,-110.000000,5415.000000,4900.000000
14:52:37,5154.000000,98.000000,41612.000000,1079.000000,5155.500000,445.000000,191202.000000,1282.000000,5254.000000,5263.500000,5151.500000,5155.500000,-107.500000,5415.000000,4900.000000
14:53:37,5155.000000,48.000000,41708.000000,1090.000000,5155.500000,481.000000,190112.000000,1273.000000,5254.000000,5263.500000,5151.500000,5155.000000,-108.000000,5415.000000,4900.000000
14:54:37,5154.500000,71.000000,41658.000000,1090.000000,5155.500000,526.000000,190211.000000,1278.000000,5254.000000,5263.500000,5151.500000,5155.000000,-108.000000,5415.000000,4900.000000
14:55:37,5154.500000,380.000000,41851.000000,1094.000000,5155.500000,526.000000,190106.000000,1282.000000,5254.000000,5263.500000,5151.500000,5154.500000,-108.500000,5415.000000,4900.000000
14:56:37,5153.000000,10.000000,41232.000000,1085.000000,5155.000000,590.000000,190860.000000,1300.000000,5254.000000,5263.500000,5151.500000,5155.000000,-108.000000,5415.000000,4900.000000
14:57:37,5160.000000,137.000000,43876.000000,1123.000000,5162.000000,1.000000,189269.000000,1264.000000,5254.000000,5263.500000,5151.500000,5161.000000,-102.000000,5415.000000,4900.000000
14:58:37,5163.000000,123.000000,44119.000000,1125.000000,5164.500000,290.000000,188301.000000,1266.000000,5254.000000,5263.500000,5151.500000,5164.000000,-99.000000,5415.000000,4900.000000
14:59:37,5165.000000,44.000000,44695.000000,1138.000000,5166.000000,124.000000,187178.000000,1260.000000,5254.000000,5263.500000,5151.500000,5166.000000,-97.000000,5415.000000,4900.000000
15:00:37,5171.500000,30.000000,46113.000000,1156.000000,5173.000000,187.000000,185937.000000,1231.000000,5254.000000,5263.500000,5151.500000,5172.000000,-91.000000,5415.000000,4900.000000
15:01:38,5168.000000,70.000000,45127.000000,1138.000000,5169.500000,70.000000,186903.000000,1256.000000,5254.000000,5263.500000,5151.500000,5167.500000,-95.500000,5415.000000,4900.000000
15:02:38,5168.000000,84.000000,45156.000000,1141.000000,5169.000000,205.000000,187128.000000,1256.000000,5254.000000,5263.500000,5151.500000,5169.000000,-94.000000,5415.000000,4900.000000
15:03:38,5167.500000,13.000000,44778.000000,1137.000000,5169.500000,70.000000,187031.000000,1258.000000,5254.000000,5263.500000,5151.500000,5169.500000,-93.500000,5415.000000,4900.000000
15:04:38,5167.000000,42.000000,44723.000000,1138.000000,5167.500000,2.000000,187874.000000,1271.000000,5254.000000,5263.500000,5151.500000,5167.000000,-96.000000,5415.000000,4900.000000
15:05:38,5166.500000,133.000000,44824.000000,1143.000000,5168.500000,344.000000,187931.000000,1269.000000,5254.000000,5263.500000,5151.500000,5166.500000,-96.500000,5415.000000,4900.000000
15:06:38,5163.500000,47.000000,44402.000000,1142.000000,5165.000000,272.000000,188508.000000,1273.000000,5254.000000,5263.500000,5151.500000,5164.500000,-98.500000,5415.000000,4900.000000
15:07:38,5164.000000,41.000000,44099.000000,1137.000000,5164.500000,70.000000,188562.000000,1278.000000,5254.000000,5263.500000,5151.500000,5164.000000,-99.000000,5415.000000,4900.000000
15:08:38,5163.500000,230.000000,44362.000000,1138.000000,5165.000000,215.000000,188125.000000,1272.000000,5254.000000,5263.500000,5151.500000,5165.000000,-98.000000,5415.000000,4900.000000
15:09:38,5164.500000,70.000000,44454.000000,1147.000000,5165.000000,88.000000,187984.000000,1267.000000,5254.000000,5263.500000,5151.500000,5165.000000,-98.000000,5415.000000,4900.000000
15:10:38,5163.500000,112.000000,44711.000000,1143.000000,5165.000000,61.000000,188107.000000,1271.000000,5254.000000,5263.500000,5151.500000,5163.500000,-99.500000,5415.000000,4900.000000
15:11:38,5160.500000,85.000000,44095.000000,1126.000000,5162.500000,486.000000,189474.000000,1291.000000,5254.000000,5263.500000,5151.500000,5160.000000,-103.000000,5415.000000,4900.000000
15:12:38,5160.500000,116.000000,44337.000000,1134.000000,5161.500000,419.000000,188954.000000,1291.000000,5254.000000,5263.500000,5151.500000,5161.500000,-101.500000,5415.000000,4900.000000
15:13:38,5162.000000,109.000000,45017.000000,1152.000000,5164.500000,265.000000,187769.000000,1273.000000,5254.000000,5263.500000,5151.500000,5162.000000,-101.000000,5415.000000,4900.000000
15:14:38,5162.000000,63.000000,44847.000000,1148.000000,5164.500000,217.000000,187888.000000,1277.000000,5254.000000,5263.500000,5151.500000,5164.500000,-98.500000,5415.000000,4900.000000
15:15:38,5163.000000,42.000000,45226.000000,1167.000000,5164.500000,69.000000,188345.000000,1275.000000,5254.000000,5263.500000,5151.500000,5164.500000,-98.500000,5415.000000,4900.000000
15:16:38,5158.000000,170.000000,43155.000000,1139.000000,5160.500000,177.000000,189158.000000,1286.000000,5254.000000,5263.500000,5151.500000,5159.500000,-103.500000,5415.000000,4900.000000
15:17:38,5158.500000,85.000000,43301.000000,1141.000000,5159.500000,70.000000,188810.000000,1290.000000,5254.000000,5263.500000,5151.500000,5158.500000,-104.500000,5415.000000,4900.000000
15:18:38,5159.500000,70.000000,44930.000000,1158.000000,5162.000000,67.000000,188337.000000,1282.000000,5254.000000,5263.500000,5151.500000,5160.500000,-102.500000,5415.000000,4900.000000
15:19:38,5161.000000,10.000000,45002.000000,1166.000000,5162.500000,170.000000,189833.000000,1291.000000,5254.000000,5263.500000,5151.500000,5160.500000,-102.500000,5415.000000,4900.000000
15:20:38,5164.000000,111.000000,46197.000000,1188.000000,5165.000000,37.000000,188053.000000,1266.000000,5254.000000,5263.500000,5151.500000,5165.000000,-98.000000,5415.000000,4900.000000
15:21:38,5160.000000,160.000000,44953.000000,1167.000000,5162.500000,318.000000,188971.000000,1286.000000,5254.000000,5263.500000,5151.500000,5162.500000,-100.500000,5415.000000,4900.000000
15:22:39,5161.000000,3.000000,45062.000000,1173.000000,5162.500000,419.000000,189691.000000,1290.000000,5254.000000,5263.500000,5151.500000,5160.500000,-102.500000,5415.000000,4900.000000
15:23:38,5160.000000,243.000000,44975.000000,1173.000000,5161.000000,70.000000,190111.000000,1297.000000,5254.000000,5263.500000,5151.500000,5160.500000,-102.500000,5415.000000,4900.000000
15:24:39,5160.500000,107.000000,45370.000000,1183.000000,5161.500000,270.000000,188802.000000,1291.000000,5254.000000,5263.500000,5151.500000,5161.500000,-101.500000,5415.000000,4900.000000
15:25:39,5161.500000,302.000000,45815.000000,1188.000000,5163.000000,123.000000,188263.000000,1283.000000,5254.000000,5263.500000,5151.500000,5163.000000,-100.000000,5415.000000,4900.000000
15:26:39,5161.000000,70.000000,45817.000000,1190.000000,5162.000000,1.000000,187710.000000,1295.000000,5254.000000,5263.500000,5151.500000,5162.000000,-101.000000,5415.000000,4900.000000
15:27:39,5162.000000,95.000000,45967.000000,1199.000000,5163.500000,370.000000,187788.000000,1292.000000,5254.000000,5263.500000,5151.500000,5162.000000,-101.000000,5415.000000,4900.000000
15:28:39,5162.000000,195.000000,46031.000000,1205.000000,5163.500000,420.000000,187853.000000,1292.000000,5254.000000,5263.500000,5151.500000,5162.000000,-101.000000,5415.000000,4900.000000
15:29:39,5158.000000,10.000000,44853.000000,1174.000000,5159.500000,70.000000,188545.000000,1310.000000,5254.000000,5263.500000,5151.500000,5158.000000,-105.000000,5415.000000,4900.000000
15:30:39,5157.000000,140.000000,44125.000000,1164.000000,5158.000000,143.000000,190260.000000,1319.000000,5254.000000,5263.500000,5151.500000,5157.000000,-106.000000,5713.000000,4900.000000
15:31:40,5158.500000,101.000000,44708.000000,1181.000000,5160.000000,1.000000,189938.000000,1307.000000,5254.000000,5263.500000,5151.500000,5158.500000,-104.500000,5713.000000,4900.000000
15:32:40,5160.500000,628.000000,45251.000000,1190.000000,5162.500000,552.000000,190282.000000,1306.000000,5254.000000,5263.500000,5151.500000,5162.500000,-100.500000,5713.000000,4900.000000
15:33:40,5158.000000,102.000000,44075.000000,1171.000000,5159.000000,1.000000,190694.000000,1321.000000,5254.000000,5263.500000,5151.500000,5159.500000,-103.500000,5713.000000,4900.000000
15:34:40,5158.500000,9.000000,44212.000000,1178.000000,5159.500000,145.000000,190457.000000,1317.000000,5254.000000,5263.500000,5151.500000,5159.500000,-103.500000,5713.000000,4900.000000
15:35:40,5159.000000,188.000000,44561.000000,1189.000000,5161.500000,188.000000,190022.000000,1307.000000,5254.000000,5263.500000,5151.500000,5159.000000,-104.000000,5713.000000,4900.000000
15:36:40,5156.500000,110.000000,43762.000000,1170.000000,5158.500000,369.000000,190973.000000,1323.000000,5254.000000,5263.500000,5151.500000,5156.500000,-106.500000,5713.000000,4900.000000
15:37:40,5157.000000,72.000000,43987.000000,1180.000000,5158.000000,234.000000,190532.000000,1321.000000,5254.000000,5263.500000,5151.500000,5157.000000,-106.000000,5713.000000,4900.000000
15:38:40,5157.000000,126.000000,44034.000000,1186.000000,5157.500000,1.000000,190110.000000,1318.000000,5254.000000,5263.500000,5151.500000,5157.500000,-105.500000,5713.000000,4900.000000
15:39:40,5155.500000,90.000000,43416.000000,1175.000000,5157.000000,376.000000,190427.000000,1325.000000,5254.000000,5263.500000,5151.500000,5156.000000,-107.000000,5713.000000,4900.000000
15:40:40,5155.000000,97.000000,43582.000000,1180.000000,5156.500000,142.000000,190044.000000,1318.000000,5254.000000,5263.500000,5151.500000,5156.500000,-106.500000,5713.000000,4900.000000
15:41:40,5154.000000,123.000000,42938.000000,1168.000000,5155.000000,41.000000,190629.000000,1329.000000,5254.000000,5263.500000,5151.500000,5155.000000,-108.000000,5713.000000,4900.000000
15:42:40,5154.500000,122.000000,43486.000000,1182.000000,5155.500000,269.000000,190463.000000,1323.000000,5254.000000,5263.500000,5151.500000,5154.500000,-108.500000,5713.000000,4900.000000
15:43:40,5155.000000,80.000000,43521.000000,1181.000000,5156.000000,160.000000,190413.000000,1328.000000,5254.000000,5263.500000,5151.500000,5154.500000,-108.500000,5713.000000,4900.000000
15:44:40,5154.500000,57.000000,43939.000000,1188.000000,5155.500000,326.000000,190753.000000,1331.000000,5254.000000,5263.500000,5151.500000,5154.500000,-108.500000,5713.000000,4900.000000
15:45:40,5156.500000,70.000000,45141.000000,1204.000000,5157.500000,291.000000,189503.000000,1313.000000,5254.000000,5263.500000,5151.500000,5157.500000,-105.500000,5713.000000,4900.000000
15:46:40,5156.000000,10.000000,44607.000000,1197.000000,5157.000000,170.000000,189790.000000,1322.000000,5254.000000,5263.500000,5151.500000,5156.500000,-106.500000,5713.000000,4900.000000
15:47:40,5157.000000,69.000000,45089.000000,1209.000000,5158.500000,279.000000,188987.000000,1321.000000,5254.000000,5263.500000,5151.500000,5157.500000,-105.500000,5713.000000,4900.000000
15:48:40,5155.500000,99.000000,44420.000000,1195.000000,5156.500000,68.000000,189650.000000,1330.000000,5254.000000,5263.500000,5151.500000,5156.500000,-106.500000,5713.000000,4900.000000
15:50:41,5158.500000,70.000000,45776.000000,1230.000000,5160.500000,263.000000,188056.000000,1319.000000,5254.000000,5263.500000,5151.500000,5160.500000,-102.500000,5713.000000,4900.000000
15:51:41,5161.000000,46.000000,46353.000000,1246.000000,5162.500000,70.000000,187829.000000,1315.000000,5254.000000,5263.500000,5151.500000,5162.000000,-101.000000,5713.000000,4900.000000
15:52:41,5160.000000,117.000000,46024.000000,1238.000000,5161.500000,187.000000,188213.000000,1325.000000,5254.000000,5263.500000,5151.500000,5160.500000,-102.500000,5713.000000,4900.000000
15:53:41,5157.000000,286.000000,45756.000000,1234.000000,5159.500000,235.000000,189504.000000,1340.000000,5254.000000,5263.500000,5151.500000,5157.000000,-106.000000,5713.000000,4900.000000
15:54:41,5156.500000,55.000000,45443.000000,1228.000000,5157.500000,70.000000,189336.000000,1338.000000,5254.000000,5263.500000,5151.500000,5157.000000,-106.000000,5713.000000,4900.000000
15:55:41,5157.000000,44.000000,45261.000000,1220.000000,5158.500000,152.000000,189609.000000,1338.000000,5254.000000,5263.500000,5151.500000,5157.000000,-106.000000,5713.000000,4900.000000
15:56:41,5157.000000,50.000000,45372.000000,1227.000000,5158.500000,127.000000,189584.000000,1338.000000,5254.000000,5263.500000,5151.500000,5158.500000,-104.500000,5713.000000,4900.000000
15:57:41,5157.500000,46.000000,45493.000000,1231.000000,5158.500000,89.000000,189474.000000,1337.000000,5254.000000,5263.500000,5151.500000,5158.500000,-104.500000,5713.000000,4900.000000
15:58:41,5160.500000,83.000000,46789.000000,1249.000000,5161.000000,388.000000,188330.000000,1317.000000,5254.000000,5263.500000,5151.500000,5161.000000,-102.000000,5713.000000,4900.000000
15:59:41,5159.500000,70.000000,46593.000000,1244.000000,5160.500000,40.000000,188615.000000,1325.000000,5254.000000,5263.500000,5151.500000,5160.500000,-102.500000,5713.000000,4900.000000
16:00:41,5159.000000,168.000000,46054.000000,1241.000000,5159.500000,165.000000,188809.000000,1326.000000,5254.000000,5263.500000,5151.500000,5159.000000,-104.000000,5713.000000,4900.000000
16:01:41,5159.500000,64.000000,46351.000000,1250.000000,5160.000000,207.000000,188753.000000,1324.000000,5254.000000,5263.500000,5151.500000,5159.500000,-103.500000,5713.000000,4900.000000
16:02:41,5162.500000,82.000000,47664.000000,1268.000000,5163.500000,72.000000,187278.000000,1302.000000,5254.000000,5263.500000,5151.500000,5162.500000,-100.500000,5713.000000,4900.000000
16:03:41,5161.500000,70.000000,47425.000000,1263.000000,5163.000000,204.000000,187740.000000,1312.000000,5254.000000,5263.500000,5151.500000,5160.500000,-102.500000,5713.000000,4900.000000
16:04:41,5161.000000,20.000000,47247.000000,1262.000000,5161.500000,70.000000,188252.000000,1313.000000,5254.000000,5263.500000,5151.500000,5162.000000,-101.000000,5713.000000,4900.000000
16:05:41,5159.500000,219.000000,47033.000000,1258.000000,5161.500000,216.000000,189373.000000,1323.000000,5254.000000,5263.500000,5151.500000,5161.500000,-101.500000,5713.000000,4900.000000
16:06:41,5160.500000,18.000000,47021.000000,1259.000000,5161.000000,100.000000,189150.000000,1319.000000,5254.000000,5263.500000,5151.500000,5160.500000,-102.500000,5713.000000,4900.000000
16:07:41,5161.500000,70.000000,47660.000000,1266.000000,5163.000000,467.000000,188495.000000,1313.000000,5254.000000,5263.500000,5151.500000,5163.000000,-100.000000,5713.000000,4900.000000
16:08:42,5162.500000,197.000000,47671.000000,1273.000000,5164.000000,52.000000,197826.000000,1309.000000,5254.000000,5263.500000,5151.500000,5164.000000,-99.000000,5713.000000,4900.000000
16:09:42,5165.500000,155.000000,48400.000000,1286.000000,5167.000000,5.000000,186930.000000,1294.000000,5254.000000,5263.500000,5151.500000,5165.500000,-97.500000,5713.000000,4900.000000
16:10:42,5164.000000,100.000000,47859.000000,1274.000000,5165.000000,100.000000,187945.000000,1307.000000,5254.000000,5263.500000,5151.500000,5163.500000,-99.500000,5713.000000,4900.000000
16:11:42,5165.000000,144.000000,48073.000000,1281.000000,5166.000000,112.000000,187406.000000,1299.000000,5254.000000,5263.500000,5151.500000,5165.000000,-98.000000,5713.000000,4900.000000
16:12:42,5167.500000,197.000000,48911.000000,1294.000000,5170.000000,410.000000,186351.000000,1289.000000,5254.000000,5263.500000,5151.500000,5169.500000,-93.500000,5713.000000,4900.000000
16:13:42,5170.500000,162.000000,49315.000000,1301.000000,5171.500000,6.000000,185287.000000,1278.000000,5254.000000,5263.500000,5151.500000,5170.500000,-92.500000,5713.000000,4900.000000
16:14:42,5173.000000,258.000000,49465.000000,1301.000000,5173.500000,95.000000,185743.000000,1273.000000,5254.000000,5263.500000,5151.500000,5173.000000,-90.000000,5713.000000,4900.000000
16:15:42,5174.000000,177.000000,49736.000000,1305.000000,5175.000000,550.000000,186201.000000,1267.000000,5254.000000,5263.500000,5151.500000,5175.000000,-88.000000,5713.000000,4900.000000
16:16:42,5177.000000,49.000000,49678.000000,1299.000000,5177.500000,10.000000,186202.000000,1270.000000,5254.000000,5263.500000,5151.500000,5177.000000,-86.000000,5713.000000,4900.000000
16:17:42,5174.500000,151.000000,49786.000000,1305.000000,5175.500000,70.000000,185960.000000,1269.000000,5254.000000,5263.500000,5151.500000,5174.500000,-88.500000,5713.000000,4900.000000
16:18:42,5174.000000,270.000000,49974.000000,1305.000000,5176.500000,70.000000,185404.000000,1258.000000,5254.000000,5263.500000,5151.500000,5174.000000,-89.000000,5713.000000,4900.000000
16:19:42,5176.500000,170.000000,50564.000000,1318.000000,5177.000000,297.000000,185458.000000,1255.000000,5254.000000,5263.500000,5151.500000,5177.000000,-86.000000,5713.000000,4900.000000
16:20:42,5175.000000,247.000000,50078.000000,1316.000000,5176.500000,210.000000,185963.000000,1270.000000,5254.000000,5263.500000,5151.500000,5176.000000,-87.000000,5713.000000,4900.000000
16:21:42,5182.000000,83.000000,51068.000000,1321.000000,5183.000000,80.000000,190969.000000,1261.000000,5254.000000,5263.500000,5151.500000,5182.000000,-81.000000,5713.000000,4900.000000
16:22:42,5181.000000,14.000000,52558.000000,1310.000000,5181.500000,170.000000,191790.000000,1289.000000,5254.000000,5263.500000,5151.500000,5181.000000,-82.000000,5713.000000,4900.000000
16:23:42,5186.500000,290.000000,56762.000000,1356.000000,5188.000000,21.000000,190793.000000,1270.000000,5254.000000,5263.500000,5151.500000,5188.000000,-75.000000,5713.000000,4900.000000
16:24:42,5190.000000,153.000000,56694.000000,1354.000000,5191.500000,12.000000,190850.000000,1254.000000,5254.000000,5263.500000,5151.500000,5191.000000,-72.000000,5713.000000,4900.000000
16:25:42,5190.500000,101.000000,56629.000000,1348.000000,5191.000000,40.000000,193206.000000,1264.000000,5254.000000,5263.500000,5151.500000,5190.000000,-73.000000,5713.000000,4900.000000
16:26:42,5189.500000,96.000000,56655.000000,1349.000000,5190.000000,353.000000,193121.000000,1266.000000,5254.000000,5263.500000,5151.500000,5190.000000,-73.000000,5713.000000,4900.000000
16:27:42,5189.000000,216.000000,56512.000000,1360.000000,5190.000000,325.000000,193410.000000,1278.000000,5254.000000,5263.500000,5151.500000,5190.000000,-73.000000,5713.000000,4900.000000
16:28:42,5189.000000,32.000000,57227.000000,1363.000000,5190.500000,120.000000,192609.000000,1264.000000,5254.000000,5263.500000,5151.500000,5189.000000,-74.000000,5713.000000,4900.000000
16:29:42,5188.500000,197.000000,55734.000000,1350.000000,5190.000000,463.000000,192152.000000,1272.000000,5254.000000,5263.500000,5151.500000,5190.000000,-73.000000,5713.000000,4900.000000
16:30:42,5188.500000,125.000000,56119.000000,1355.000000,5190.000000,101.000000,192339.000000,1282.000000,5254.000000,5263.500000,5151.500000,5189.000000,-74.000000,5713.000000,4900.000000
16:31:42,5188.500000,86.000000,55448.000000,1351.000000,5189.500000,431.000000,192281.000000,1283.000000,5254.000000,5263.500000,5151.500000,5188.500000,-74.500000,5713.000000,4900.000000
16:32:42,5191.500000,69.000000,56148.000000,1364.000000,5193.500000,371.000000,192126.000000,1266.000000,5254.000000,5263.500000,5151.500000,5192.000000,-71.000000,5713.000000,4900.000000
16:33:43,5191.500000,250.000000,56451.000000,1364.000000,5193.000000,148.000000,193252.000000,1274.000000,5254.000000,5263.500000,5151.500000,5193.000000,-70.000000,5713.000000,4900.000000
16:34:43,5193.500000,106.000000,56609.000000,1375.000000,5195.000000,259.000000,191955.000000,1263.000000,5254.000000,5263.500000,5151.500000,5194.000000,-69.000000,5713.000000,4900.000000
16:35:43,5192.500000,393.000000,56174.000000,1365.000000,5194.000000,212.000000,192906.000000,1272.000000,5254.000000,5263.500000,5151.500000,5194.000000,-69.000000,5713.000000,4900.000000
16:36:43,5193.500000,192.000000,56463.000000,1372.000000,5194.500000,26.000000,192968.000000,1265.000000,5254.000000,5263.500000,5151.500000,5193.500000,-69.500000,5713.000000,4900.000000
16:37:43,5190.000000,274.000000,56403.000000,1357.000000,5192.500000,136.000000,194488.000000,1282.000000,5254.000000,5263.500000,5151.500000,5192.000000,-71.000000,5713.000000,4900.000000
16:38:43,5192.000000,176.000000,56304.000000,1366.000000,5194.000000,667.000000,193253.000000,1268.000000,5254.000000,5263.500000,5151.500000,5194.000000,-69.000000,5713.000000,4900.000000
16:39:43,5191.000000,200.000000,56086.000000,1361.000000,5192.500000,233.000000,192915.000000,1276.000000,5254.000000,5263.500000,5151.500000,5191.000000,-72.000000,5713.000000,4900.000000
16:40:43,5191.500000,94.000000,55911.000000,1363.000000,5192.000000,99.000000,193069.000000,1273.000000,5254.000000,5263.500000,5151.500000,5192.000000,-71.000000,5713.000000,4900.000000
16:41:43,5192.500000,274.000000,56319.000000,1371.000000,5194.000000,6.000000,192596.000000,1266.000000,5254.000000,5263.500000,5151.500000,5192.500000,-70.500000,5713.000000,4900.000000
16:42:43,5192.500000,77.000000,56213.000000,1368.000000,5193.500000,162.000000,193809.000000,1276.000000,5254.000000,5263.500000,5151.500000,5193.500000,-69.500000,5713.000000,4900.000000
16:43:43,5192.500000,267.000000,56242.000000,1366.000000,5193.000000,130.000000,193535.000000,1274.000000,5254.000000,5263.500000,5151.500000,5192.000000,-71.000000,5713.000000,4900.000000
16:44:43,5187.000000,50.000000,55208.000000,1340.000000,5188.500000,70.000000,194185.000000,1297.000000,5254.000000,5263.500000,5151.500000,5187.000000,-76.000000,5713.000000,4900.000000
16:45:43,5184.000000,218.000000,55233.000000,1340.000000,5185.000000,485.000000,195840.000000,1314.000000,5254.000000,5263.500000,5151.500000,5184.000000,-79.000000,5713.000000,4900.000000
16:46:43,5184.000000,283.000000,55225.000000,1352.000000,5184.500000,2.000000,195140.000000,1301.000000,5254.000000,5263.500000,5151.500000,5185.000000,-78.000000,5713.000000,4900.000000
16:47:43,5181.000000,199.000000,53835.000000,1322.000000,5182.000000,33.000000,194241.000000,1302.000000,5254.000000,5263.500000,5151.500000,5182.000000,-81.000000,5713.000000,4900.000000
16:48:43,5187.500000,172.000000,56048.000000,1357.000000,5188.000000,70.000000,192996.000000,1282.000000,5254.000000,5263.500000,5151.500000,5187.500000,-75.500000,5713.000000,4900.000000
16:49:44,5185.500000,141.000000,54832.000000,1341.000000,5187.500000,70.000000,194446.000000,1306.000000,5254.000000,5263.500000,5151.500000,5188.000000,-75.000000,5713.000000,4900.000000
16:50:43,5186.500000,70.000000,55650.000000,1349.000000,5188.000000,70.000000,194431.000000,1293.000000,5254.000000,5263.500000,5151.500000,5186.500000,-76.500000,5713.000000,4900.000000
16:51:43,5189.000000,77.000000,55773.000000,1358.000000,5190.000000,98.000000,193940.000000,1282.000000,5254.000000,5263.500000,5151.500000,5189.500000,-73.500000,5713.000000,4900.000000
16:52:43,5188.500000,127.000000,55757.000000,1358.000000,5190.500000,70.000000,194064.000000,1286.000000,5254.000000,5263.500000,5151.500000,5191.000000,-72.000000,5713.000000,4900.000000
16:53:43,5184.500000,161.000000,54569.000000,1341.000000,5187.000000,201.000000,194475.000000,1308.000000,5254.000000,5263.500000,5151.500000,5186.500000,-76.500000,5713.000000,4900.000000
16:54:43,5189.000000,142.000000,56105.000000,1367.000000,5190.500000,66.000000,193867.000000,1286.000000,5254.000000,5263.500000,5151.500000,5190.500000,-72.500000,5713.000000,4900.000000
16:55:43,5186.000000,160.000000,54508.000000,1340.000000,5188.500000,94.000000,194533.000000,1300.000000,5254.000000,5263.500000,5151.500000,5187.500000,-75.500000,5713.000000,4900.000000
16:56:43,5186.000000,70.000000,55547.000000,1348.000000,5188.000000,167.000000,195050.000000,1305.000000,5254.000000,5263.500000,5151.500000,5187.000000,-76.000000,5713.000000,4900.000000
16:57:43,5182.500000,70.000000,54205.000000,1329.000000,5184.500000,120.000000,196013.000000,1315.000000,5254.000000,5263.500000,5151.500000,5184.000000,-79.000000,5713.000000,4900.000000
16:58:43,5184.000000,156.000000,54988.000000,1347.000000,5185.000000,100.000000,194546.000000,1300.000000,5254.000000,5263.500000,5151.500000,5184.000000,-79.000000,5713.000000,4900.000000
16:59:43,5182.500000,74.000000,53898.000000,1331.000000,5183.500000,98.000000,193370.000000,1297.000000,5254.000000,5263.500000,5151.500000,5183.000000,-80.000000,5713.000000,4900.000000
17:00:43,5182.000000,70.000000,55178.000000,1333.000000,5184.500000,191.000000,193240.000000,1292.000000,5254.000000,5263.500000,5151.500000,5183.000000,-80.000000,5713.000000,4900.000000
17:01:44,5183.000000,161.000000,54890.000000,1337.000000,5184.500000,18.000000,193045.000000,1291.000000,5254.000000,5263.500000,5151.500000,5183.000000,-80.000000,5713.000000,4900.000000
17:02:44,5183.000000,196.000000,55289.000000,1336.000000,5185.500000,270.000000,194616.000000,1301.000000,5254.000000,5263.500000,5151.500000,5183.000000,-80.000000,5713.000000,4900.000000
17:03:44,5181.000000,66.000000,54517.000000,1320.000000,5182.000000,170.000000,195898.000000,1315.000000,5254.000000,5263.500000,5151.500000,5179.000000,-84.000000,5713.000000,4900.000000
17:04:44,5178.500000,70.000000,53928.000000,1314.000000,5180.500000,171.000000,195648.000000,1323.000000,5254.000000,5263.500000,5151.500000,5181.000000,-82.000000,5713.000000,4900.000000
17:05:44,5179.000000,279.000000,54495.000000,1337.000000,5180.500000,34.000000,195879.000000,1303.000000,5254.000000,5263.500000,5151.500000,5180.000000,-83.000000,5713.000000,4900.000000
17:06:44,5178.000000,144.000000,55984.000000,1333.000000,5180.000000,181.000000,196149.000000,1311.000000,5254.000000,5263.500000,5151.500000,5179.000000,-84.000000,5713.000000,4900.000000
17:07:44,5178.500000,268.000000,55609.000000,1332.000000,5179.500000,104.000000,195095.000000,1313.000000,5254.000000,5263.500000,5151.500000,5179.500000,-83.500000,5713.000000,4900.000000
17:08:44,5175.500000,374.000000,55558.000000,1327.000000,5178.000000,141.000000,196289.000000,1318.000000,5254.000000,5263.500000,5151.500000,5177.000000,-86.000000,5713.000000,4900.000000
17:09:44,5176.000000,45.000000,55290.000000,1325.000000,5177.500000,217.000000,196946.000000,1326.000000,5254.000000,5263.500000,5151.500000,5176.000000,-87.000000,5713.000000,4900.000000
17:10:44,5172.500000,164.000000,54203.000000,1299.000000,5174.500000,221.000000,197902.000000,1347.000000,5254.000000,5263.500000,5151.500000,5173.500000,-89.500000,5713.000000,4900.000000
17:11:44,5173.000000,172.000000,54392.000000,1308.000000,5174.500000,67.000000,196502.000000,1339.000000,5254.000000,5263.500000,5151.500000,5173.000000,-90.000000,5713.000000,4900.000000
17:12:44,5169.000000,105.000000,53919.000000,1282.000000,5170.000000,69.000000,198397.000000,1352.000000,5254.000000,5263.500000,5151.500000,5170.000000,-93.000000,5713.000000,4900.000000
17:13:44,5169.500000,265.000000,54066.000000,1297.000000,5170.500000,1456.000000,198634.000000,1338.000000,5254.000000,5263.500000,5151.500000,5169.500000,-93.500000,5713.000000,4900.000000
17:14:44,5170.500000,156.000000,53884.000000,1297.000000,5171.500000,693.000000,196906.000000,1336.000000,5254.000000,5263.500000,5151.500000,5171.500000,-91.500000,5713.000000,4900.000000
17:15:44,5173.500000,170.000000,55160.000000,1312.000000,5175.000000,200.000000,196271.000000,1328.000000,5254.000000,5263.500000,5151.500000,5174.500000,-88.500000,5713.000000,4900.000000
17:16:44,5173.500000,173.000000,55029.000000,1315.000000,5174.500000,1.000000,196019.000000,1334.000000,5254.000000,5263.500000,5151.500000,5174.000000,-89.000000,5713.000000,4900.000000
17:17:44,5173.500000,286.000000,55080.000000,1319.000000,5174.500000,198.000000,196295.000000,1333.000000,5254.000000,5263.500000,5151.500000,5173.500000,-89.500000,5713.000000,4900.000000
17:18:44,5173.000000,70.000000,55036.000000,1315.000000,5174.500000,66.000000,195078.000000,1323.000000,5254.000000,5263.500000,5151.500000,5173.500000,-89.500000,5713.000000,4900.000000
17:19:44,5173.000000,208.000000,55115.000000,1316.000000,5174.500000,163.000000,196568.000000,1331.000000,5254.000000,5263.500000,5151.500000,5173.500000,-89.500000,5713.000000,4900.000000
17:20:44,5174.500000,145.000000,54358.000000,1321.000000,5175.000000,81.000000,195202.000000,1323.000000,5254.000000,5263.500000,5151.500000,5175.000000,-88.000000,5713.000000,4900.000000
17:21:44,5172.000000,438.000000,54370.000000,1319.000000,5174.500000,181.000000,195791.000000,1334.000000,5254.000000,5263.500000,5151.500000,5172.500000,-90.500000,5713.000000,4900.000000
17:22:44,5173.500000,63.000000,54111.000000,1314.000000,5174.000000,1.000000,195865.000000,1332.000000,5254.000000,5263.500000,5151.500000,5173.500000,-89.500000,5713.000000,4900.000000
17:23:44,5170.500000,409.000000,53663.000000,1306.000000,5173.000000,96.000000,196471.000000,1345.000000,5254.000000,5263.500000,5151.500000,5170.500000,-92.500000,5713.000000,4900.000000
17:24:44,5173.500000,70.000000,54090.000000,1311.000000,5175.000000,100.000000,195615.000000,1334.000000,5254.000000,5263.500000,5151.500000,5174.000000,-89.000000,5713.000000,4900.000000
17:25:45,5169.500000,199.000000,54240.000000,1307.000000,5172.500000,187.000000,196695.000000,1354.000000,5254.000000,5263.500000,5151.500000,5169.500000,-93.500000,5713.000000,4900.000000
17:26:45,5170.500000,70.000000,53619.000000,1306.000000,5171.500000,22.000000,196807.000000,1355.000000,5254.000000,5263.500000,5151.500000,5171.500000,-91.500000,5713.000000,4900.000000
17:27:44,5168.000000,333.000000,54023.000000,1300.000000,5170.000000,136.000000,197120.000000,1362.000000,5254.000000,5263.500000,5151.500000,5167.500000,-95.500000,5713.000000,4900.000000
