TIME,BID,BIDDEPTH,BIDDEPTHT,NUMBIDS,OFFER,OFFERDEPTH,OFFERDEPTHT,NUMOFFERS,OPEN,HIGH,LOW,LAST,CHANGE,QTY,VALUE
10:20:36,5181.500000,80.000000,33859.000000,585.000000,5183.000000,430.000000,158973.000000,779.000000,5177.000000,5200.500000,5158.500000,5182.500000,4.000000,5619.500000,4916.500000
10:21:36,5180.000000,8.000000,33100.000000,577.000000,5182.000000,520.000000,160315.000000,801.000000,5177.000000,5200.500000,5158.500000,5181.500000,3.000000,5619.500000,4916.500000
10:22:36,5184.000000,45.000000,34105.000000,603.000000,5185.000000,100.000000,159111.000000,787.000000,5177.000000,5200.500000,5158.500000,5183.500000,5.000000,5619.500000,4916.500000
10:23:36,5184.500000,12.000000,33887.000000,603.000000,5186.000000,438.000000,159242.000000,794.000000,5177.000000,5200.500000,5158.500000,5183.500000,5.000000,5619.500000,4916.500000
10:24:36,5180.500000,80.000000,33257.000000,595.000000,5182.500000,270.000000,160246.000000,823.000000,5177.000000,5200.500000,5158.500000,5181.000000,2.500000,5619.500000,4916.500000
10:25:36,5179.500000,55.000000,33266.000000,596.000000,5181.500000,370.000000,161516.000000,827.000000,5177.000000,5200.500000,5158.500000,5178.500000,0.000000,5619.500000,4916.500000
10:26:36,5170.500000,111.000000,31449.000000,574.000000,5172.000000,850.000000,163278.000000,851.000000,5177.000000,5200.500000,5158.500000,5171.000000,-7.500000,5619.500000,4916.500000
10:27:36,5164.000000,24.000000,29108.000000,561.000000,5165.500000,642.000000,164146.000000,870.000000,5177.000000,5200.500000,5158.500000,5165.000000,-13.500000,5619.500000,4916.500000
10:28:36,5164.000000,10.000000,28885.000000,573.000000,5165.500000,448.000000,165411.000000,883.000000,5177.000000,5200.500000,5158.500000,5165.000000,-13.500000,5619.500000,4916.500000
10:29:36,5162.000000,109.000000,28806.000000,576.000000,5163.000000,606.000000,164526.000000,893.000000,5177.000000,5200.500000,5158.500000,5163.000000,-15.500000,5619.500000,4916.500000
10:30:36,5162.000000,75.000000,29743.000000,585.000000,5162.500000,2.000000,164381.000000,900.000000,5177.000000,5200.500000,5158.500000,5162.000000,-16.500000,5619.500000,4916.500000
10:31:36,5163.000000,43.000000,30182.000000,606.000000,5165.000000,782.000000,164699.000000,902.000000,5177.000000,5200.500000,5158.500000,5164.500000,-14.000000,5619.500000,4916.500000
10:32:36,5161.500000,124.000000,30117.000000,614.000000,5164.000000,516.000000,164523.000000,912.000000,5177.000000,5200.500000,5158.500000,5162.000000,-16.500000,5619.500000,4916.500000
10:33:36,5162.000000,14.000000,30444.000000,614.000000,5163.000000,701.000000,165096.000000,924.000000,5177.000000,5200.500000,5158.500000,5163.500000,-15.000000,5619.500000,4916.500000
10:34:37,5162.000000,190.000000,30654.000000,616.000000,5163.500000,270.000000,165425.000000,931.000000,5177.000000,5200.500000,5158.500000,5162.000000,-16.500000,5619.500000,4916.500000
10:35:37,5162.500000,212.000000,30966.000000,637.000000,5164.000000,694.000000,165717.000000,927.000000,5177.000000,5200.500000,5158.500000,5164.000000,-14.500000,5619.500000,4916.500000
10:36:37,5165.500000,78.000000,31482.000000,645.000000,5166.500000,250.000000,163761.000000,919.000000,5177.000000,5200.500000,5158.500000,5165.500000,-13.000000,5619.500000,4916.500000
10:37:37,5168.000000,167.000000,30920.000000,648.000000,5169.500000,6.000000,163528.000000,901.000000,5177.000000,5200.500000,5158.500000,5169.500000,-9.000000,5619.500000,4916.500000
10:38:37,5164.000000,36.000000,30162.000000,637.000000,5165.500000,845.000000,164716.000000,929.000000,5177.000000,5200.500000,5158.500000,5165.500000,-13.000000,5619.500000,4916.500000
10:39:37,5162.500000,80.000000,32012.000000,644.000000,5163.000000,700.000000,165871.000000,941.000000,5177.000000,5200.500000,5158.500000,5162.500000,-16.000000,5619.500000,4916.500000
10:40:37,5162.000000,42.000000,32142.000000,649.000000,5163.000000,3.000000,166805.000000,950.000000,5177.000000,5200.500000,5158.500000,5162.500000,-16.000000,5619.500000,4916.500000
10:41:37,5162.000000,21.000000,32159.000000,654.000000,5163.000000,249.000000,166213.000000,950.000000,5177.000000,5200.500000,5158.500000,5162.000000,-16.500000,5619.500000,4916.500000
10:42:37,5162.000000,145.000000,32430.000000,663.000000,5162.500000,45.000000,165029.000000,949.000000,5177.000000,5200.500000,5158.500000,5162.500000,-16.000000,5619.500000,4916.500000
10:43:37,5160.500000,39.000000,31930.000000,648.000000,5161.500000,470.000000,166042.000000,955.000000,5177.000000,5200.500000,5156.500000,5161.500000,-17.000000,5619.500000,4916.500000
10:44:37,5160.500000,160.000000,31914.000000,655.000000,5161.500000,70.000000,165286.000000,957.000000,5177.000000,5200.500000,5156.500000,5160.500000,-18.000000,5619.500000,4916.500000
10:45:37,5163.000000,43.000000,32696.000000,678.000000,5164.000000,114.000000,164930.000000,950.000000,5177.000000,5200.500000,5156.500000,5163.000000,-15.500000,5619.500000,4916.500000
10:46:37,5163.000000,184.000000,32529.000000,679.000000,5163.500000,115.000000,164785.000000,954.000000,5177.000000,5200.500000,5156.500000,5163.000000,-15.500000,5619.500000,4916.500000
10:47:37,5162.000000,225.000000,32468.000000,677.000000,5163.000000,170.000000,165834.000000,961.000000,5177.000000,5200.500000,5156.500000,5162.500000,-16.000000,5619.500000,4916.500000
10:48:37,5162.000000,134.000000,32376.000000,678.000000,5163.000000,70.000000,165731.000000,963.000000,5177.000000,5200.500000,5156.500000,5162.000000,-16.500000,5619.500000,4916.500000
10:49:37,5161.500000,195.000000,32642.000000,678.000000,5162.000000,109.000000,166163.000000,967.000000,5177.000000,5200.500000,5156.500000,5162.500000,-16.000000,5619.500000,4916.500000
10:50:37,5163.500000,115.000000,32933.000000,692.000000,5164.000000,100.000000,166067.000000,959.000000,5177.000000,5200.500000,5156.500000,5163.500000,-15.000000,5619.500000,4916.500000
10:51:37,5163.500000,163.000000,32939.000000,699.000000,5164.000000,219.000000,165345.000000,959.000000,5177.000000,5200.500000,5156.500000,5164.000000,-14.500000,5619.500000,4916.500000
10:52:37,5160.000000,141.000000,32353.000000,687.000000,5160.500000,287.000000,166115.000000,970.000000,5177.000000,5200.500000,5156.500000,5160.500000,-18.000000,5619.500000,4916.500000
10:53:37,5159.000000,124.000000,30981.000000,691.000000,5160.500000,238.000000,164956.000000,965.000000,5177.000000,5200.500000,5155.500000,5160.000000,-18.500000,5619.500000,4916.500000
10:54:37,5158.000000,24.000000,31115.000000,695.000000,5159.000000,246.000000,165728.000000,981.000000,5177.000000,5200.500000,5155.500000,5159.000000,-19.500000,5619.500000,4916.500000
10:55:37,5157.500000,94.000000,31188.000000,697.000000,5159.000000,120.000000,166317.000000,983.000000,5177.000000,5200.500000,5155.500000,5158.000000,-20.500000,5619.500000,4916.500000
10:56:37,5157.500000,116.000000,31223.000000,705.000000,5159.000000,270.000000,165869.000000,981.000000,5177.000000,5200.500000,5155.500000,5159.000000,-19.500000,5619.500000,4916.500000
10:57:37,5157.000000,15.000000,31241.000000,702.000000,5158.000000,1.000000,166957.000000,984.000000,5177.000000,5200.500000,5155.500000,5158.000000,-20.500000,5619.500000,4916.500000
10:58:37,5159.500000,170.000000,32049.000000,720.000000,5160.000000,471.000000,165628.000000,978.000000,5177.000000,5200.500000,5155.500000,5160.000000,-18.500000,5619.500000,4916.500000
10:59:38,5159.000000,137.000000,32321.000000,741.000000,5160.500000,332.000000,164799.000000,975.000000,5177.000000,5200.500000,5155.500000,5161.000000,-17.500000,5619.500000,4916.500000
11:00:37,5160.500000,70.000000,32329.000000,742.000000,5161.500000,42.000000,166039.000000,981.000000,5177.000000,5200.500000,5155.500000,5161.500000,-17.000000,5619.500000,4916.500000
11:01:38,5160.500000,43.000000,32166.000000,744.000000,5161.000000,163.000000,165304.000000,981.000000,5177.000000,5200.500000,5155.500000,5160.500000,-18.000000,5619.500000,4916.500000
11:02:38,5157.500000,103.000000,31566.000000,732.000000,5158.000000,605.000000,165815.000000,996.000000,5177.000000,5200.500000,5155.500000,5158.000000,-20.500000,5619.500000,4916.500000
11:03:38,5158.000000,123.000000,31713.000000,738.000000,5158.500000,386.000000,167464.000000,999.000000,5177.000000,5200.500000,5155.500000,5158.500000,-20.000000,5619.500000,4916.500000
11:04:38,5155.500000,180.000000,30036.000000,717.000000,5157.000000,255.000000,167929.000000,1003.000000,5177.000000,5200.500000,5154.000000,5157.000000,-21.500000,5619.500000,4916.500000
11:05:38,5156.000000,49.000000,30094.000000,726.000000,5157.500000,841.000000,168033.000000,1001.000000,5177.000000,5200.500000,5154.000000,5157.500000,-21.000000,5619.500000,4916.500000
11:06:38,5154.500000,22.000000,29635.000000,713.000000,5155.000000,599.000000,167785.000000,1009.000000,5177.000000,5200.500000,5154.000000,5154.500000,-24.000000,5619.500000,4916.500000
11:07:37,5139.500000,53.000000,21882.000000,576.000000,5141.000000,70.000000,167542.000000,1044.000000,5177.000000,5200.500000,5139.500000,5139.500000,-39.000000,5619.500000,4916.500000
11:08:38,5141.000000,9.000000,22695.000000,582.000000,5141.500000,70.000000,168893.000000,1066.000000,5177.000000,5200.500000,5138.500000,5140.500000,-38.000000,5619.500000,4916.500000
11:09:38,5144.000000,240.000000,24167.000000,626.000000,5145.000000,198.000000,169112.000000,1055.000000,5177.000000,5200.500000,5138.500000,5145.000000,-33.500000,5619.500000,4916.500000
11:10:38,5144.000000,71.000000,23976.000000,633.000000,5145.000000,474.000000,170289.000000,1066.000000,5177.000000,5200.500000,5138.500000,5145.000000,-33.500000,5619.500000,4916.500000
11:11:38,5142.500000,62.000000,23010.000000,619.000000,5143.500000,46.000000,169828.000000,1059.000000,5177.000000,5200.500000,5138.500000,5142.500000,-36.000000,5619.500000,4916.500000
11:12:38,5142.000000,62.000000,23177.000000,634.000000,5143.500000,121.000000,170808.000000,1075.000000,5177.000000,5200.500000,5138.500000,5141.000000,-37.500000,5619.500000,4916.500000
11:13:38,5140.500000,13.000000,22785.000000,635.000000,5142.000000,35.000000,170992.000000,1089.000000,5177.000000,5200.500000,5138.500000,5142.000000,-36.500000,5619.500000,4916.500000
11:14:38,5138.000000,75.000000,22254.000000,618.000000,5139.000000,85.000000,171509.000000,1108.000000,5177.000000,5200.500000,5138.000000,5138.000000,-40.500000,5619.500000,4916.500000
11:15:38,5140.000000,12.000000,22953.000000,639.000000,5141.500000,790.000000,170793.000000,1085.000000,5177.000000,5200.500000,5134.000000,5141.000000,-37.500000,5619.500000,4916.500000
11:16:38,5134.500000,157.000000,23579.000000,615.000000,5136.500000,73.000000,170507.000000,1101.000000,5177.000000,5200.500000,5132.500000,5136.500000,-42.000000,5619.500000,4916.500000
11:17:38,5133.000000,172.000000,24364.000000,626.000000,5135.000000,73.000000,168845.000000,1086.000000,5177.000000,5200.500000,5129.000000,5132.500000,-46.000000,5619.500000,4916.500000
11:18:39,5131.500000,231.000000,23626.000000,623.000000,5134.000000,69.000000,170504.000000,1105.000000,5177.000000,5200.500000,5129.000000,5134.000000,-44.500000,5619.500000,4916.500000
11:19:39,5132.000000,145.000000,23672.000000,640.000000,5134.000000,1.000000,170617.000000,1101.000000,5177.000000,5200.500000,5129.000000,5134.500000,-44.000000,5619.500000,4916.500000
11:20:39,5133.000000,128.000000,24767.000000,656.000000,5135.000000,620.000000,171292.000000,1095.000000,5177.000000,5200.500000,5129.000000,5133.000000,-45.500000,5619.500000,4916.500000
11:21:39,5133.000000,119.000000,25682.000000,677.000000,5134.000000,44.000000,171444.000000,1095.000000,5177.000000,5200.500000,5129.000000,5134.000000,-44.500000,5619.500000,4916.500000
11:22:39,5132.000000,116.000000,25812.000000,691.000000,5134.000000,70.000000,171480.000000,1096.000000,5177.000000,5200.500000,5129.000000,5132.000000,-46.500000,5619.500000,4916.500000
11:23:39,5130.500000,80.000000,24810.000000,676.000000,5132.500000,350.000000,169441.000000,1104.000000,5177.000000,5200.500000,5127.500000,5130.500000,-48.000000,5619.500000,4916.500000
11:24:39,5137.000000,58.000000,25925.000000,724.000000,5139.500000,193.000000,167458.000000,1080.000000,5177.000000,5200.500000,5127.500000,5137.000000,-41.500000,5619.500000,4916.500000
11:25:39,5143.000000,63.000000,26406.000000,743.000000,5144.000000,70.000000,167343.000000,1070.000000,5177.000000,5200.500000,5127.500000,5144.500000,-34.000000,5619.500000,4916.500000
11:26:39,5138.000000,156.000000,25399.000000,721.000000,5139.500000,69.000000,168939.000000,1098.000000,5177.000000,5200.500000,5127.500000,5139.500000,-39.000000,5619.500000,4916.500000
11:27:39,5136.000000,124.000000,25873.000000,739.000000,5137.500000,65.000000,169211.000000,1097.000000,5177.000000,5200.500000,5127.500000,5137.500000,-41.000000,5619.500000,4916.500000
11:28:39,5137.000000,106.000000,26509.000000,752.000000,5139.500000,368.000000,169493.000000,1095.000000,5177.000000,5200.500000,5127.500000,5137.000000,-41.500000,5619.500000,4916.500000
11:29:39,5137.500000,51.000000,26769.000000,761.000000,5139.000000,610.000000,170390.000000,1099.000000,5177.000000,5200.500000,5127.500000,5139.000000,-39.500000,5619.500000,4916.500000
11:30:39,5136.500000,172.000000,26588.000000,752.000000,5138.500000,201.000000,169598.000000,1103.000000,5177.000000,5200.500000,5127.500000,5138.500000,-40.000000,5619.500000,4916.500000
11:31:39,5136.000000,158.000000,26447.000000,749.000000,5137.000000,1.000000,170025.000000,1109.000000,5177.000000,5200.500000,5127.500000,5136.000000,-42.500000,5619.500000,4916.500000
11:32:39,5136.500000,47.000000,26303.000000,751.000000,5138.000000,449.000000,169895.000000,1107.000000,5177.000000,5200.500000,5127.500000,5136.000000,-42.500000,5619.500000,4916.500000
11:33:39,5137.000000,74.000000,26794.000000,756.000000,5139.000000,669.000000,170165.000000,1107.000000,5177.000000,5200.500000,5127.500000,5139.000000,-39.500000,5619.500000,4916.500000
11:34:40,5146.500000,229.000000,27881.000000,771.000000,5149.000000,40.000000,167246.000000,1063.000000,5177.000000,5200.500000,5127.500000,5146.500000,-32.000000,5619.500000,4916.500000
11:35:39,5144.500000,86.000000,27722.000000,779.000000,5147.000000,470.000000,167565.000000,1057.000000,5177.000000,5200.500000,5127.500000,5145.000000,-33.500000,5619.500000,4916.500000
11:36:39,5141.500000,27.000000,26886.000000,765.000000,5143.000000,270.000000,168969.000000,1075.000000,5177.000000,5200.500000,5127.500000,5144.000000,-34.500000,5619.500000,4916.500000
11:37:40,5141.000000,76.000000,26617.000000,768.000000,5143.000000,70.000000,168111.000000,1072.000000,5177.000000,5200.500000,5127.500000,5141.000000,-37.500000,5619.500000,4916.500000
11:38:40,5144.000000,124.000000,27178.000000,795.000000,5146.000000,79.000000,168602.000000,1058.000000,5177.000000,5200.500000,5127.500000,5145.000000,-33.500000,5619.500000,4916.500000
11:39:40,5151.500000,165.000000,28739.000000,817.000000,5152.500000,70.000000,166306.000000,1041.000000,5177.000000,5200.500000,5127.500000,5153.000000,-25.500000,5619.500000,4916.500000
11:40:40,5148.000000,251.000000,27909.000000,795.000000,5150.500000,52.000000,166936.000000,1060.000000,5177.000000,5200.500000,5127.500000,5150.500000,-28.000000,5619.500000,4916.500000
11:41:40,5150.000000,29.000000,28524.000000,797.000000,5152.000000,1160.000000,167442.000000,1052.000000,5177.000000,5200.500000,5127.500000,5152.000000,-26.500000,5619.500000,4916.500000
11:42:40,5153.000000,17.000000,32792.000000,821.000000,5154.500000,71.000000,167255.000000,1047.000000,5177.000000,5200.500000,5127.500000,5154.500000,-24.000000,5619.500000,4916.500000
11:43:40,5152.500000,100.000000,32924.000000,827.000000,5154.500000,69.000000,167045.000000,1051.000000,5177.000000,5200.500000,5127.500000,5154.500000,-24.000000,5619.500000,4916.500000
11:44:40,5155.000000,20.000000,33589.000000,848.000000,5156.500000,52.000000,167282.000000,1053.000000,5177.000000,5200.500000,5127.500000,5156.500000,-22.000000,5619.500000,4916.500000
11:45:40,5157.500000,33.000000,33892.000000,857.000000,5158.000000,5.000000,166409.000000,1041.000000,5177.000000,5200.500000,5127.500000,5158.500000,-20.000000,5619.500000,4916.500000
11:46:40,5156.000000,107.000000,33109.000000,855.000000,5157.500000,466.000000,167539.000000,1057.000000,5177.000000,5200.500000,5127.500000,5157.000000,-21.500000,5619.500000,4916.500000
11:47:40,5156.500000,81.000000,33842.000000,860.000000,5157.000000,60.000000,166927.000000,1058.000000,5177.000000,5200.500000,5127.500000,5156.500000,-22.000000,5619.500000,4916.500000
11:48:40,5156.500000,72.000000,33880.000000,869.000000,5157.000000,69.000000,167145.000000,1063.000000,5177.000000,5200.500000,5127.500000,5156.500000,-22.000000,5619.500000,4916.500000
11:49:40,5159.000000,83.000000,33915.000000,867.000000,5160.000000,106.000000,165833.000000,1057.000000,5177.000000,5200.500000,5127.500000,5160.000000,-18.500000,5619.500000,4916.500000
11:50:40,5156.000000,20.000000,33079.000000,854.000000,5156.500000,70.000000,166576.000000,1072.000000,5177.000000,5200.500000,5127.500000,5156.000000,-22.500000,5619.500000,4916.500000
11:51:40,5158.500000,17.000000,33768.000000,874.000000,5159.500000,70.000000,165848.000000,1051.000000,5177.000000,5200.500000,5127.500000,5158.500000,-20.000000,5619.500000,4916.500000
11:52:40,5157.500000,179.000000,32815.000000,872.000000,5159.000000,44.000000,165778.000000,1055.000000,5177.000000,5200.500000,5127.500000,5159.000000,-19.500000,5619.500000,4916.500000
11:53:40,5161.500000,115.000000,34143.000000,881.000000,5163.500000,69.000000,166227.000000,1057.000000,5177.000000,5200.500000,5127.500000,5163.500000,-15.000000,5619.500000,4916.500000
11:54:40,5162.000000,50.000000,33014.000000,881.000000,5164.000000,133.000000,167752.000000,1058.000000,5177.000000,5200.500000,5127.500000,5162.000000,-16.500000,5619.500000,4916.500000
11:55:41,5159.000000,78.000000,31950.000000,867.000000,5160.000000,1.000000,168155.000000,1081.000000,5177.000000,5200.500000,5127.500000,5159.000000,-19.500000,5619.500000,4916.500000
11:56:41,5157.000000,33.000000,31993.000000,870.000000,5158.000000,70.000000,168702.000000,1083.000000,5177.000000,5200.500000,5127.500000,5156.500000,-22.000000,5619.500000,4916.500000
11:57:41,5156.500000,213.000000,32239.000000,878.000000,5158.500000,124.000000,167985.000000,1081.000000,5177.000000,5200.500000,5127.500000,5156.500000,-22.000000,5619.500000,4916.500000
11:58:41,5156.500000,134.000000,32077.000000,875.000000,5158.500000,70.000000,168319.000000,1090.000000,5177.000000,5200.500000,5127.500000,5156.500000,-22.000000,5619.500000,4916.500000
11:59:41,5156.500000,27.000000,31976.000000,878.000000,5158.500000,85.000000,168372.000000,1093.000000,5177.000000,5200.500000,5127.500000,5158.500000,-20.000000,5619.500000,4916.500000
12:00:42,5159.000000,55.000000,32650.000000,896.000000,5160.500000,70.000000,168217.000000,1081.000000,5177.000000,5200.500000,5127.500000,5161.000000,-17.500000,5619.500000,4916.500000
12:01:42,5160.000000,56.000000,32512.000000,907.000000,5161.000000,226.000000,167267.000000,1079.000000,5177.000000,5200.500000,5127.500000,5159.500000,-19.000000,5619.500000,4916.500000
12:02:42,5160.000000,46.000000,32578.000000,908.000000,5161.000000,226.000000,166771.000000,1073.000000,5177.000000,5200.500000,5127.500000,5160.000000,-18.500000,5619.500000,4916.500000
12:03:42,5164.500000,33.000000,33022.000000,915.000000,5165.000000,70.000000,166236.000000,1066.000000,5177.000000,5200.500000,5127.500000,5164.500000,-14.000000,5619.500000,4916.500000
12:04:42,5167.000000,103.000000,34011.000000,915.000000,5169.500000,70.000000,168281.000000,1038.000000,5177.000000,5200.500000,5127.500000,5168.000000,-10.500000,5619.500000,4916.500000
12:05:42,5175.000000,141.000000,35436.000000,937.000000,5177.500000,788.000000,165953.000000,1013.000000,5177.000000,5200.500000,5127.500000,5177.500000,-1.000000,5619.500000,4916.500000
12:06:42,5172.500000,128.000000,33895.000000,916.000000,5174.500000,69.000000,165596.000000,1035.000000,5177.000000,5200.500000,5127.500000,5174.500000,-4.000000,5619.500000,4916.500000
12:07:42,5174.500000,92.000000,34362.000000,927.000000,5176.500000,1.000000,164596.000000,1027.000000,5177.000000,5200.500000,5127.500000,5174.000000,-4.500000,5619.500000,4916.500000
12:08:42,5172.000000,70.000000,33753.000000,915.000000,5173.500000,5.000000,166593.000000,1045.000000,5177.000000,5200.500000,5127.500000,5174.000000,-4.500000,5619.500000,4916.500000
12:09:42,5168.000000,173.000000,32982.000000,915.000000,5170.500000,120.000000,166116.000000,1056.000000,5177.000000,5200.500000,5127.500000,5168.000000,-10.500000,5619.500000,4916.500000
12:10:42,5171.000000,45.000000,33595.000000,926.000000,5172.500000,70.000000,165809.000000,1045.000000,5177.000000,5200.500000,5127.500000,5171.000000,-7.500000,5619.500000,4916.500000
12:11:42,5170.500000,125.000000,33794.000000,936.000000,5172.000000,10.000000,166076.000000,1048.000000,5177.000000,5200.500000,5127.500000,5172.500000,-6.000000,5619.500000,4916.500000
12:12:42,5170.500000,70.000000,33751.000000,935.000000,5172.000000,19.000000,165613.000000,1044.000000,5177.000000,5200.500000,5127.500000,5171.000000,-7.500000,5619.500000,4916.500000
12:13:42,5170.500000,487.000000,34189.000000,939.000000,5172.000000,100.000000,165753.000000,1049.000000,5177.000000,5200.500000,5127.500000,5170.500000,-8.000000,5619.500000,4916.500000
12:14:42,5169.500000,174.000000,33745.000000,944.000000,5171.000000,226.000000,166331.000000,1056.000000,5177.000000,5200.500000,5127.500000,5169.500000,-9.000000,5619.500000,4916.500000
12:15:42,5168.500000,123.000000,33452.000000,948.000000,5171.000000,302.000000,166546.000000,1058.000000,5177.000000,5200.500000,5127.500000,5170.500000,-8.000000,5619.500000,4916.500000
12:16:42,5168.000000,9.000000,33465.000000,947.000000,5169.000000,4.000000,167039.000000,1068.000000,5177.000000,5200.500000,5127.500000,5168.500000,-10.000000,5619.500000,4916.500000
12:17:42,5165.500000,149.000000,32752.000000,945.000000,5167.500000,70.000000,167651.000000,1079.000000,5177.000000,5200.500000,5127.500000,5165.500000,-13.000000,5619.500000,4916.500000
12:18:42,5164.500000,37.000000,32416.000000,939.000000,5165.000000,3.000000,168162.000000,1088.000000,5177.000000,5200.500000,5127.500000,5165.000000,-13.500000,5619.500000,4916.500000
12:19:43,5163.500000,111.000000,32527.000000,952.000000,5165.000000,100.000000,168045.000000,1080.000000,5177.000000,5200.500000,5127.500000,5164.500000,-14.000000,5619.500000,4916.500000
12:20:42,5163.000000,2.000000,32280.000000,951.000000,5164.000000,20.000000,168514.000000,1086.000000,5177.000000,5200.500000,5127.500000,5162.500000,-16.000000,5619.500000,4916.500000
12:21:43,5161.500000,70.000000,32007.000000,948.000000,5163.000000,9.000000,168889.000000,1090.000000,5177.000000,5200.500000,5127.500000,5163.000000,-15.500000,5619.500000,4916.500000
12:22:43,5161.500000,70.000000,32143.000000,949.000000,5163.000000,10.000000,169219.000000,1095.000000,5177.000000,5200.500000,5127.500000,5161.000000,-17.500000,5619.500000,4916.500000
12:23:43,5162.000000,216.000000,33003.000000,960.000000,5164.500000,310.000000,168666.000000,1089.000000,5177.000000,5200.500000,5127.500000,5163.000000,-15.500000,5619.500000,4916.500000
12:24:43,5162.500000,103.000000,33021.000000,967.000000,5164.500000,72.000000,168392.000000,1081.000000,5177.000000,5200.500000,5127.500000,5162.500000,-16.000000,5619.500000,4916.500000
12:25:43,5161.500000,141.000000,32955.000000,958.000000,5164.000000,100.000000,168720.000000,1091.000000,5177.000000,5200.500000,5127.500000,5162.500000,-16.000000,5619.500000,4916.500000
12:26:43,5159.000000,299.000000,32867.000000,954.000000,5161.500000,79.000000,169290.000000,1096.000000,5177.000000,5200.500000,5127.500000,5157.500000,-21.000000,5619.500000,4916.500000
12:27:43,5159.000000,50.000000,32552.000000,948.000000,5159.500000,4.000000,169996.000000,1107.000000,5177.000000,5200.500000,5127.500000,5159.500000,-19.000000,5619.500000,4916.500000
12:28:43,5160.500000,100.000000,32854.000000,959.000000,5161.500000,29.000000,169059.000000,1093.000000,5177.000000,5200.500000,5127.500000,5161.000000,-17.500000,5619.500000,4916.500000
12:29:43,5160.000000,122.000000,33063.000000,963.000000,5161.500000,70.000000,169471.000000,1103.000000,5177.000000,5200.500000,5127.500000,5161.000000,-17.500000,5619.500000,4916.500000
12:30:43,5159.000000,207.000000,32941.000000,963.000000,5160.000000,79.000000,169915.000000,1113.000000,5177.000000,5200.500000,5127.500000,5158.000000,-20.500000,5619.500000,4916.500000
12:31:43,5159.500000,67.000000,33043.000000,968.000000,5161.500000,139.000000,169833.000000,1111.000000,5177.000000,5200.500000,5127.500000,5159.500000,-19.000000,5619.500000,4916.500000
12:32:43,5157.500000,341.000000,33581.000000,965.000000,5159.500000,68.000000,170368.000000,1120.000000,5177.000000,5200.500000,5127.500000,5157.500000,-21.000000,5619.500000,4916.500000
12:33:43,5155.500000,30.000000,32142.000000,956.000000,5157.500000,315.000000,171152.000000,1125.000000,5177.000000,5200.500000,5127.500000,5155.500000,-23.000000,5619.500000,4916.500000
12:34:43,5157.000000,24.000000,32606.000000,968.000000,5158.000000,70.000000,170755.000000,1116.000000,5177.000000,5200.500000,5127.500000,5157.000000,-21.500000,5619.500000,4916.500000
12:35:44,5155.000000,173.000000,32005.000000,949.000000,5156.000000,63.000000,171316.000000,1136.000000,5177.000000,5200.500000,5127.500000,5156.000000,-22.500000,5619.500000,4916.500000
12:36:44,5154.000000,93.000000,32440.000000,949.000000,5156.000000,210.000000,171416.000000,1135.000000,5177.000000,5200.500000,5127.500000,5155.000000,-23.500000,5619.500000,4916.500000
12:37:44,5156.500000,67.000000,33314.000000,972.000000,5158.500000,199.000000,169907.000000,1112.000000,5177.000000,5200.500000,5127.500000,5156.500000,-22.000000,5619.500000,4916.500000
12:38:44,5157.500000,70.000000,33391.000000,977.000000,5158.500000,81.000000,170305.000000,1115.000000,5177.000000,5200.500000,5127.500000,5156.500000,-22.000000,5619.500000,4916.500000
12:39:44,5156.500000,98.000000,32957.000000,965.000000,5158.000000,162.000000,170490.000000,1123.000000,5177.000000,5200.500000,5127.500000,5158.000000,-20.500000,5619.500000,4916.500000
12:40:44,5158.500000,70.000000,33196.000000,979.000000,5160.000000,36.000000,169634.000000,1111.000000,5177.000000,5200.500000,5127.500000,5160.000000,-18.500000,5619.500000,4916.500000
12:41:44,5159.500000,47.000000,33507.000000,981.000000,5161.500000,151.000000,169558.000000,1112.000000,5177.000000,5200.500000,5127.500000,5161.500000,-17.000000,5619.500000,4916.500000
12:42:44,5159.000000,54.000000,33618.000000,981.000000,5161.000000,64.000000,169533.000000,1115.000000,5177.000000,5200.500000,5127.500000,5159.000000,-19.500000,5619.500000,4916.500000
12:43:44,5160.000000,906.000000,34946.000000,992.000000,5162.000000,69.000000,169339.000000,1113.000000,5177.000000,5200.500000,5127.500000,5162.000000,-16.500000,5619.500000,4916.500000
12:44:44,5162.000000,30.000000,34913.000000,993.000000,5162.500000,56.000000,169136.000000,1113.000000,5177.000000,5200.500000,5127.500000,5162.500000,-16.000000,5619.500000,4916.500000
12:45:44,5162.500000,162.000000,35577.000000,1004.000000,5164.500000,194.000000,168491.000000,1107.000000,5177.000000,5200.500000,5127.500000,5164.000000,-14.500000,5619.500000,4916.500000
12:46:44,5162.000000,290.000000,35087.000000,994.000000,5163.500000,224.000000,168999.000000,1120.000000,5177.000000,5200.500000,5127.500000,5163.500000,-15.000000,5619.500000,4916.500000
12:47:44,5165.000000,15.000000,35085.000000,1008.000000,5166.500000,65.000000,168296.000000,1102.000000,5177.000000,5200.500000,5127.500000,5165.000000,-13.500000,5619.500000,4916.500000
12:48:44,5165.500000,87.000000,35437.000000,1012.000000,5167.000000,207.000000,168087.000000,1102.000000,5177.000000,5200.500000,5127.500000,5166.500000,-12.000000,5619.500000,4916.500000
12:49:44,5165.500000,127.000000,35275.000000,1010.000000,5166.500000,69.000000,168292.000000,1109.000000,5177.000000,5200.500000,5127.500000,5166.500000,-12.000000,5619.500000,4916.500000
12:50:44,5163.500000,229.000000,35663.000000,1006.000000,5165.500000,108.000000,168621.000000,1115.000000,5177.000000,5200.500000,5127.500000,5163.500000,-15.000000,5619.500000,4916.500000
12:51:44,5163.500000,140.000000,35250.000000,996.000000,5165.500000,230.000000,168810.000000,1122.000000,5177.000000,5200.500000,5127.500000,5164.000000,-14.500000,5619.500000,4916.500000
12:52:44,5163.500000,121.000000,35311.000000,1004.000000,5165.000000,173.000000,168891.000000,1121.000000,5177.000000,5200.500000,5127.500000,5165.000000,-13.500000,5619.500000,4916.500000
12:53:44,5164.000000,70.000000,35525.000000,1006.000000,5165.000000,172.000000,168967.000000,1121.000000,5177.000000,5200.500000,5127.500000,5164.000000,-14.500000,5619.500000,4916.500000
12:54:45,5164.000000,20.000000,35475.000000,1006.000000,5165.000000,171.000000,168864.000000,1119.000000,5177.000000,5200.500000,5127.500000,5164.000000,-14.500000,5619.500000,4916.500000
12:55:45,5168.000000,75.000000,35874.000000,1025.000000,5168.500000,60.000000,168175.000000,1101.000000,5177.000000,5200.500000,5127.500000,5168.500000,-10.000000,5619.500000,4916.500000
12:56:45,5167.000000,70.000000,35608.000000,1026.000000,5168.500000,127.000000,167764.000000,1106.000000,5177.000000,5200.500000,5127.500000,5167.000000,-11.500000,5619.500000,4916.500000
12:57:45,5162.000000,100.000000,34734.000000,995.000000,5162.500000,70.000000,169612.000000,1137.000000,5177.000000,5200.500000,5127.500000,5162.000000,-16.500000,5619.500000,4916.500000
12:58:45,5163.500000,50.000000,35279.000000,1011.000000,5165.500000,153.000000,168770.000000,1119.000000,5177.000000,5200.500000,5127.500000,5163.500000,-15.000000,5619.500000,4916.500000
12:59:45,5163.500000,41.000000,35221.000000,1008.000000,5165.000000,2.000000,168640.000000,1123.000000,5177.000000,5200.500000,5127.500000,5164.500000,-14.000000,5619.500000,4916.500000
13:00:45,5165.500000,123.000000,36745.000000,1030.000000,5168.000000,83.000000,168134.000000,1107.000000,5177.000000,5200.500000,5127.500000,5165.500000,-13.000000,5619.500000,4916.500000
13:01:45,5165.500000,125.000000,36224.000000,1024.000000,5167.500000,60.000000,168744.000000,1117.000000,5177.000000,5200.500000,5127.500000,5167.500000,-11.000000,5619.500000,4916.500000
13:02:45,5166.000000,97.000000,36296.000000,1028.000000,5167.500000,70.000000,168695.000000,1115.000000,5177.000000,5200.500000,5127.500000,5166.000000,-12.500000,5619.500000,4916.500000
13:03:45,5165.000000,29.000000,35426.000000,1012.000000,5166.500000,115.000000,168986.000000,1123.000000,5177.000000,5200.500000,5127.500000,5166.500000,-12.000000,5619.500000,4916.500000
13:04:45,5164.000000,61.000000,36505.000000,1018.000000,5166.000000,83.000000,169191.000000,1125.000000,5177.000000,5200.500000,5127.500000,5164.000000,-14.500000,5619.500000,4916.500000
13:05:45,5162.000000,72.000000,35001.000000,1003.000000,5163.500000,58.000000,170798.000000,1136.000000,5177.000000,5200.500000,5127.500000,5163.500000,-15.000000,5619.500000,4916.500000
13:06:45,5162.000000,44.000000,34880.000000,1001.000000,5162.500000,67.000000,170860.000000,1137.000000,5177.000000,5200.500000,5127.500000,5162.000000,-16.500000,5619.500000,4916.500000
13:07:45,5161.000000,87.000000,35054.000000,1002.000000,5162.500000,67.000000,171006.000000,1138.000000,5177.000000,5200.500000,5127.500000,5160.500000,-18.000000,5619.500000,4916.500000
13:08:45,5161.000000,59.000000,34971.000000,1005.000000,5162.500000,67.000000,170880.000000,1139.000000,5177.000000,5200.500000,5127.500000,5162.500000,-16.000000,5619.500000,4916.500000
13:09:45,5161.500000,70.000000,35148.000000,1007.000000,5162.500000,65.000000,170864.000000,1143.000000,5177.000000,5200.500000,5127.500000,5161.000000,-17.500000,5619.500000,4916.500000
13:10:45,5155.000000,57.000000,33419.000000,989.000000,5157.000000,134.000000,173086.000000,1174.000000,5177.000000,5200.500000,5127.500000,5157.000000,-21.500000,5619.500000,4916.500000
13:11:45,5153.000000,182.000000,33116.000000,986.000000,5154.500000,182.000000,173541.000000,1181.000000,5177.000000,5200.500000,5127.500000,5153.000000,-25.500000,5619.500000,4916.500000
13:12:45,5152.500000,70.000000,32544.000000,981.000000,5153.000000,313.000000,173719.000000,1174.000000,5177.000000,5200.500000,5127.500000,5152.000000,-26.500000,5619.500000,4916.500000
13:13:45,5155.000000,93.000000,33269.000000,1002.000000,5157.000000,123.000000,172572.000000,1160.000000,5177.000000,5200.500000,5127.500000,5157.000000,-21.500000,5619.500000,4916.500000
13:14:45,5152.000000,150.000000,34513.000000,992.000000,5153.500000,1.000000,173495.000000,1169.000000,5177.000000,5200.500000,5127.500000,5154.000000,-24.500000,5619.500000,4916.500000
13:15:45,5152.000000,52.000000,33260.000000,987.000000,5152.500000,5.000000,173588.000000,1168.000000,5177.000000,5200.500000,5127.500000,5152.000000,-26.500000,5619.500000,4916.500000
13:16:45,5151.500000,181.000000,33215.000000,977.000000,5152.000000,100.000000,173533.000000,1168.000000,5177.000000,5200.500000,5127.500000,5152.000000,-26.500000,5619.500000,4916.500000
13:17:45,5154.000000,70.000000,33922.000000,998.000000,5154.500000,7.000000,173418.000000,1157.000000,5177.000000,5200.500000,5127.500000,5153.000000,-25.500000,5619.500000,4916.500000
13:18:46,5153.000000,152.000000,33781.000000,990.000000,5155.000000,29.000000,173636.000000,1169.000000,5177.000000,5200.500000,5127.500000,5154.000000,-24.500000,5619.500000,4916.500000
13:19:45,5153.000000,136.000000,33844.000000,990.000000,5155.000000,45.000000,172926.000000,1174.000000,5177.000000,5200.500000,5127.500000,5153.000000,-25.500000,5619.500000,4916.500000
13:20:45,5150.500000,317.000000,33322.000000,973.000000,5152.000000,348.000000,174031.000000,1195.000000,5177.000000,5200.500000,5127.500000,5150.500000,-28.000000,5619.500000,4916.500000
13:21:46,5146.000000,278.000000,31897.000000,936.000000,5148.000000,82.000000,174510.000000,1203.000000,5177.000000,5200.500000,5127.500000,5148.000000,-30.500000,5619.500000,4916.500000
13:22:46,5148.000000,34.000000,32335.000000,953.000000,5149.000000,68.000000,173873.000000,1197.000000,5177.000000,5200.500000,5127.500000,5148.000000,-30.500000,5619.500000,4916.500000
13:23:46,5148.000000,101.000000,32846.000000,959.000000,5148.500000,30.000000,173907.000000,1199.000000,5177.000000,5200.500000,5127.500000,5148.000000,-30.500000,5619.500000,4916.500000
13:24:46,5148.500000,194.000000,33056.000000,961.000000,5149.000000,161.000000,173807.000000,1187.000000,5177.000000,5200.500000,5127.500000,5148.500000,-30.000000,5619.500000,4916.500000
13:25:46,5146.500000,74.000000,32714.000000,948.000000,5147.500000,103.000000,174354.000000,1200.000000,5177.000000,5200.500000,5127.500000,5146.500000,-32.000000,5619.500000,4916.500000
13:26:46,5146.500000,60.000000,33021.000000,952.000000,5147.500000,83.000000,174334.000000,1200.000000,5177.000000,5200.500000,5127.500000,5146.500000,-32.000000,5619.500000,4916.500000
13:27:46,5148.500000,116.000000,33335.000000,967.000000,5149.500000,70.000000,173486.000000,1182.000000,5177.000000,5200.500000,5127.500000,5150.000000,-28.500000,5619.500000,4916.500000
13:28:46,5145.500000,51.000000,33106.000000,956.000000,5147.500000,85.000000,174817.000000,1200.000000,5177.000000,5200.500000,5127.500000,5147.500000,-31.000000,5619.500000,4916.500000
13:29:46,5144.000000,94.000000,33061.000000,948.000000,5146.000000,45.000000,174565.000000,1204.000000,5177.000000,5200.500000,5127.500000,5146.000000,-32.500000,5619.500000,4916.500000
13:30:46,5146.000000,153.000000,33398.000000,954.000000,5148.500000,277.000000,173870.000000,1194.000000,5177.000000,5200.500000,5127.500000,5146.000000,-32.500000,5619.500000,4916.500000
13:31:46,5148.000000,83.000000,33774.000000,967.000000,5149.500000,70.000000,173347.000000,1183.000000,5177.000000,5200.500000,5127.500000,5148.000000,-30.500000,5619.500000,4916.500000
13:32:46,5148.000000,158.000000,33547.000000,979.000000,5149.500000,69.000000,173325.000000,1185.000000,5177.000000,5200.500000,5127.500000,5148.000000,-30.500000,5619.500000,4916.500000
13:33:46,5145.500000,59.000000,33273.000000,985.000000,5147.500000,40.000000,174240.000000,1203.000000,5177.000000,5200.500000,5127.500000,5145.500000,-33.000000,5619.500000,4916.500000
13:34:46,5145.500000,91.000000,33039.000000,978.000000,5147.000000,70.000000,174452.000000,1208.000000,5177.000000,5200.500000,5127.500000,5145.500000,-33.000000,5619.500000,4916.500000
13:35:46,5145.000000,74.000000,33096.000000,980.000000,5146.500000,55.000000,174260.000000,1207.000000,5177.000000,5200.500000,5127.500000,5146.000000,-32.500000,5619.500000,4916.500000
13:36:46,5145.000000,77.000000,33050.000000,981.000000,5147.000000,67.000000,174715.000000,1205.000000,5177.000000,5200.500000,5127.500000,5145.000000,-33.500000,5619.500000,4916.500000
13:37:47,5145.000000,30.000000,33321.000000,983.000000,5146.000000,37.000000,174528.000000,1211.000000,5177.000000,5200.500000,5127.500000,5145.000000,-33.500000,5619.500000,4916.500000
13:38:47,5144.000000,190.000000,33303.000000,990.000000,5145.500000,24.000000,174165.000000,1210.000000,5177.000000,5200.500000,5127.500000,5145.500000,-33.000000,5619.500000,4916.500000
13:39:46,5144.000000,305.000000,34290.000000,1001.000000,5145.000000,20.000000,174526.000000,1217.000000,5177.000000,5200.500000,5127.500000,5144.000000,-34.500000,5619.500000,4916.500000
13:40:47,5145.000000,290.000000,34762.000000,1014.000000,5146.500000,330.000000,175041.000000,1216.000000,5177.000000,5200.500000,5127.500000,5146.000000,-32.500000,5619.500000,4916.500000
13:41:47,5145.000000,238.000000,34691.000000,1014.000000,5146.000000,716.000000,175731.000000,1225.000000,5177.000000,5200.500000,5127.500000,5145.000000,-33.500000,5619.500000,4916.500000
13:42:47,5145.000000,325.000000,34715.000000,1018.000000,5146.000000,867.000000,175882.000000,1227.000000,5177.000000,5200.500000,5127.500000,5145.000000,-33.500000,5619.500000,4916.500000
13:43:47,5142.500000,215.000000,34472.000000,1000.000000,5144.000000,17.000000,174686.000000,1221.000000,5177.000000,5200.500000,5127.500000,5142.500000,-36.000000,5619.500000,4900.000000
13:44:47,5142.500000,141.000000,35851.000000,1004.000000,5143.500000,174.000000,174948.000000,1227.000000,5177.000000,5200.500000,5127.500000,5143.500000,-35.000000,5619.500000,4900.000000
13:45:47,5140.000000,229.000000,34545.000000,971.000000,5141.000000,127.000000,175080.000000,1243.000000,5177.000000,5200.500000,5127.500000,5141.000000,-37.500000,5619.500000,4900.000000
13:46:47,5140.000000,70.000000,35314.000000,985.000000,5141.500000,123.000000,174254.000000,1228.000000,5177.000000,5200.500000,5127.500000,5140.000000,-38.500000,5619.500000,4900.000000
13:47:47,5140.500000,118.000000,35418.000000,992.000000,5141.500000,14.000000,173994.000000,1230.000000,5177.000000,5200.500000,5127.500000,5141.000000,-37.500000,5619.500000,4900.000000
13:48:47,5140.500000,70.000000,35895.000000,1001.000000,5142.500000,134.000000,174198.000000,1229.000000,5177.000000,5200.500000,5127.500000,5140.000000,-38.500000,5619.500000,4900.000000
13:49:47,5140.500000,1.000000,35820.000000,1000.000000,5142.000000,9.000000,174027.000000,1232.000000,5177.000000,5200.500000,5127.500000,5142.000000,-36.500000,5619.500000,4900.000000
13:50:47,5141.000000,115.000000,35877.000000,1002.000000,5142.000000,70.000000,173499.000000,1227.000000,5177.000000,5200.500000,5127.500000,5142.500000,-36.000000,5619.500000,4900.000000
13:51:47,5141.000000,53.000000,36395.000000,1009.000000,5142.000000,70.000000,174008.000000,1230.000000,5177.000000,5200.500000,5127.500000,5141.000000,-37.500000,5619.500000,4900.000000
13:52:47,5140.500000,5.000000,36478.000000,1003.000000,5141.000000,70.000000,174139.000000,1234.000000,5177.000000,5200.500000,5127.500000,5141.000000,-37.500000,5619.500000,4900.000000
13:53:47,5138.000000,86.000000,36066.000000,992.000000,5139.000000,32.000000,175086.000000,1249.000000,5177.000000,5200.500000,5127.500000,5138.000000,-40.500000,5619.500000,4900.000000
13:54:47,5137.500000,69.000000,35956.000000,988.000000,5138.500000,125.000000,175239.000000,1250.000000,5177.000000,5200.500000,5127.500000,5137.500000,-41.000000,5619.500000,4900.000000
13:55:47,5139.000000,70.000000,36928.000000,1002.000000,5141.500000,638.000000,174342.000000,1234.000000,5177.000000,5200.500000,5127.500000,5139.500000,-39.000000,5619.500000,4900.000000
13:56:47,5140.000000,50.000000,37123.000000,1011.000000,5141.500000,70.000000,174045.000000,1228.000000,5177.000000,5200.500000,5127.500000,5141.000000,-37.500000,5619.500000,4900.000000
13:57:47,5140.500000,70.000000,37057.000000,1011.000000,5142.000000,584.000000,173753.000000,1228.000000,5177.000000,5200.500000,5127.500000,5141.500000,-37.000000,5619.500000,4900.000000
14:08:48,5135.000000,922.000000,36438.000000,1000.000000,5136.000000,15.000000,173946.000000,1235.000000,5177.000000,5200.500000,5127.500000,5135.500000,-43.000000,5619.500000,4900.000000
14:09:48,5136.000000,94.000000,35976.000000,990.000000,5136.500000,270.000000,173612.000000,1226.000000,5177.000000,5200.500000,5127.500000,5136.000000,-42.500000,5619.500000,4900.000000
14:10:48,5136.500000,200.000000,36711.000000,996.000000,5138.000000,141.000000,173517.000000,1223.000000,5177.000000,5200.500000,5127.500000,5136.500000,-42.000000,5619.500000,4900.000000
14:11:48,5137.500000,266.000000,36860.000000,1006.000000,5139.500000,70.000000,173913.000000,1225.000000,5177.000000,5200.500000,5127.500000,5140.000000,-38.500000,5619.500000,4900.000000
14:12:48,5137.500000,185.000000,37500.000000,1010.000000,5138.500000,401.000000,173551.000000,1229.000000,5177.000000,5200.500000,5127.500000,5138.000000,-40.500000,5619.500000,4900.000000
14:13:48,5137.000000,97.000000,37250.000000,1016.000000,5138.000000,669.000000,173897.000000,1238.000000,5177.000000,5200.500000,5127.500000,5137.000000,-41.500000,5619.500000,4900.000000
14:14:48,5136.000000,127.000000,36785.000000,1011.000000,5137.000000,402.000000,173915.000000,1244.000000,5177.000000,5200.500000,5127.500000,5137.000000,-41.500000,5619.500000,4900.000000
14:15:48,5135.500000,77.000000,36739.000000,1013.000000,5136.500000,132.000000,174014.000000,1243.000000,5177.000000,5200.500000,5127.500000,5135.500000,-43.000000,5619.500000,4900.000000
14:16:48,5133.500000,120.000000,36512.000000,1004.000000,5134.000000,70.000000,173708.000000,1243.000000,5177.000000,5200.500000,5127.500000,5133.500000,-45.000000,5619.500000,4900.000000
14:17:48,5133.500000,106.000000,36722.000000,1009.000000,5134.000000,148.000000,173920.000000,1245.000000,5177.000000,5200.500000,5127.500000,5134.000000,-44.500000,5619.500000,4900.000000
14:18:48,5134.500000,80.000000,37231.000000,1015.000000,5135.000000,105.000000,174317.000000,1242.000000,5177.000000,5200.500000,5127.500000,5135.000000,-43.500000,5619.500000,4900.000000
14:19:48,5133.000000,180.000000,37224.000000,988.000000,5133.500000,15.000000,175456.000000,1253.000000,5177.000000,5200.500000,5127.500000,5130.000000,-48.500000,5619.500000,4900.000000
14:20:48,5135.500000,120.000000,38038.000000,1004.000000,5136.500000,70.000000,173802.000000,1233.000000,5177.000000,5200.500000,5127.500000,5135.000000,-43.500000,5619.500000,4900.000000
14:21:48,5135.500000,114.000000,38208.000000,1009.000000,5136.500000,391.000000,174683.000000,1235.000000,5177.000000,5200.500000,5127.500000,5136.500000,-42.000000,5619.500000,4900.000000
14:22:48,5135.500000,187.000000,38276.000000,1015.000000,5136.500000,154.000000,175347.000000,1228.000000,5177.000000,5200.500000,5127.500000,5135.500000,-43.000000,5619.500000,4900.000000
14:23:49,5135.500000,238.000000,38154.000000,1014.000000,5136.500000,453.000000,175471.000000,1224.000000,5177.000000,5200.500000,5127.500000,5136.000000,-42.500000,5619.500000,4900.000000
14:24:48,5136.000000,71.000000,38441.000000,1021.000000,5136.500000,858.000000,175251.000000,1223.000000,5177.000000,5200.500000,5127.500000,5136.500000,-42.000000,5619.500000,4900.000000
14:25:49,5135.500000,147.000000,38218.000000,1022.000000,5136.500000,426.000000,175454.000000,1225.000000,5177.000000,5200.500000,5127.500000,5136.500000,-42.000000,5619.500000,4900.000000
14:26:48,5137.000000,244.000000,39352.000000,1039.000000,5138.500000,85.000000,172922.000000,1211.000000,5177.000000,5200.500000,5127.500000,5138.000000,-40.500000,5619.500000,4900.000000
14:27:49,5137.500000,18.000000,39402.000000,1042.000000,5138.500000,116.000000,173003.000000,1215.000000,5177.000000,5200.500000,5127.500000,5137.500000,-41.000000,5619.500000,4900.000000
14:28:49,5137.500000,72.000000,38852.000000,1040.000000,5138.500000,165.000000,174200.000000,1219.000000,5177.000000,5200.500000,5127.500000,5137.500000,-41.000000,5619.500000,4900.000000
14:29:49,5135.000000,356.000000,38597.000000,1040.000000,5137.000000,70.000000,175381.000000,1226.000000,5177.000000,5200.500000,5127.500000,5137.000000,-41.500000,5619.500000,4900.000000
14:30:49,5135.500000,279.000000,38365.000000,1040.000000,5137.000000,70.000000,175262.000000,1226.000000,5177.000000,5200.500000,5127.500000,5135.000000,-43.500000,5619.500000,4900.000000
14:31:49,5136.000000,101.000000,38527.000000,1048.000000,5137.500000,110.000000,175083.000000,1220.000000,5177.000000,5200.500000,5127.500000,5136.500000,-42.000000,5619.500000,4900.000000
14:32:49,5136.500000,140.000000,38951.000000,1048.000000,5137.500000,578.000000,175505.000000,1225.000000,5177.000000,5200.500000,5127.500000,5136.500000,-42.000000,5619.500000,4900.000000
14:33:49,5135.500000,194.000000,38363.000000,1043.000000,5137.000000,761.000000,179437.000000,1235.000000,5177.000000,5200.500000,5127.500000,5136.000000,-42.500000,5619.500000,4900.000000
14:34:49,5135.500000,280.000000,38155.000000,1042.000000,5136.500000,115.000000,179415.000000,1231.000000,5177.000000,5200.500000,5127.500000,5135.500000,-43.000000,5619.500000,4900.000000
14:35:49,5136.000000,89.000000,38452.000000,1049.000000,5136.500000,45.000000,179265.000000,1227.000000,5177.000000,5200.500000,5127.500000,5135.500000,-43.000000,5619.500000,4900.000000
14:36:49,5136.000000,44.000000,38372.000000,1051.000000,5136.500000,70.000000,179461.000000,1231.000000,5177.000000,5200.500000,5127.500000,5136.500000,-42.000000,5619.500000,4900.000000
14:37:49,5135.000000,120.000000,39071.000000,1043.000000,5136.500000,437.000000,178895.000000,1226.000000,5177.000000,5200.500000,5127.500000,5134.500000,-44.000000,5619.500000,4900.000000
14:38:49,5137.000000,67.000000,40890.000000,1058.000000,5137.500000,192.000000,178120.000000,1220.000000,5177.000000,5200.500000,5127.500000,5137.500000,-41.000000,5619.500000,4900.000000
14:39:49,5139.000000,114.000000,41639.000000,1070.000000,5139.500000,40.000000,175945.000000,1214.000000,5177.000000,5200.500000,5127.500000,5139.500000,-39.000000,5619.500000,4900.000000
14:40:49,5138.000000,596.000000,41630.000000,1081.000000,5139.500000,55.000000,176746.000000,1212.000000,5177.000000,5200.500000,5127.500000,5139.500000,-39.000000,5619.500000,4900.000000
14:41:49,5138.000000,271.000000,41136.000000,1074.000000,5139.500000,156.000000,176635.000000,1215.000000,5177.000000,5200.500000,5127.500000,5138.000000,-40.500000,5619.500000,4900.000000
14:42:49,5138.000000,26.000000,40970.000000,1069.000000,5138.500000,44.000000,176682.000000,1221.000000,5177.000000,5200.500000,5127.500000,5137.500000,-41.000000,5619.500000,4900.000000
14:43:49,5138.500000,350.000000,40938.000000,1083.000000,5140.000000,10.000000,176338.000000,1211.000000,5177.000000,5200.500000,5127.500000,5140.000000,-38.500000,5619.500000,4900.000000
14:44:49,5138.500000,237.000000,40619.000000,1077.000000,5139.500000,265.000000,176571.000000,1217.000000,5177.000000,5200.500000,5127.500000,5138.500000,-40.000000,5619.500000,4900.000000
14:45:49,5138.500000,276.000000,40658.000000,1079.000000,5139.500000,70.000000,176320.000000,1215.000000,5177.000000,5200.500000,5127.500000,5140.000000,-38.500000,5619.500000,4900.000000
14:46:49,5138.000000,236.000000,40414.000000,1072.000000,5139.500000,70.000000,176575.000000,1219.000000,5177.000000,5200.500000,5127.500000,5137.500000,-41.000000,5619.500000,4900.000000
14:47:50,5132.500000,99.000000,38033.000000,1045.000000,5134.500000,533.000000,179281.000000,1246.000000,5177.000000,5200.500000,5127.500000,5132.500000,-46.000000,5619.500000,4900.000000
14:48:49,5133.000000,376.000000,38849.000000,1052.000000,5134.500000,900.000000,179607.000000,1242.000000,5177.000000,5200.500000,5127.500000,5133.000000,-45.500000,5619.500000,4900.000000
14:49:50,5133.000000,229.000000,38762.000000,1064.000000,5134.000000,966.000000,179817.000000,1244.000000,5177.000000,5200.500000,5127.500000,5133.500000,-45.000000,5619.500000,4900.000000
14:50:49,5133.000000,401.000000,39227.000000,1074.000000,5134.000000,964.000000,179985.000000,1244.000000,5177.000000,5200.500000,5127.500000,5133.000000,-45.500000,5619.500000,4900.000000
14:51:50,5133.000000,45.000000,38792.000000,1071.000000,5135.000000,678.000000,179772.000000,1249.000000,5177.000000,5200.500000,5127.500000,5133.000000,-45.500000,5619.500000,4900.000000
14:52:50,5133.500000,69.000000,39688.000000,1084.000000,5135.000000,508.000000,179567.000000,1247.000000,5177.000000,5200.500000,5127.500000,5133.500000,-45.000000,5619.500000,4900.000000
14:53:50,5133.000000,180.000000,39173.000000,1084.000000,5135.000000,107.000000,179552.000000,1248.000000,5177.000000,5200.500000,5127.500000,5135.000000,-43.500000,5619.500000,4900.000000
14:54:50,5134.000000,113.000000,39025.000000,1082.000000,5135.000000,89.000000,179663.000000,1251.000000,5177.000000,5200.500000,5127.500000,5135.000000,-43.500000,5619.500000,4900.000000
14:55:50,5134.500000,109.000000,39620.000000,1091.000000,5136.000000,519.000000,179247.000000,1243.000000,5177.000000,5200.500000,5127.500000,5135.000000,-43.500000,5619.500000,4900.000000
14:56:50,5136.500000,668.000000,40548.000000,1103.000000,5137.500000,700.000000,178724.000000,1236.000000,5177.000000,5200.500000,5127.500000,5136.500000,-42.000000,5619.500000,4900.000000
14:57:50,5134.500000,280.000000,40734.000000,1099.000000,5136.500000,136.000000,178701.000000,1247.000000,5177.000000,5200.500000,5127.500000,5134.500000,-44.000000,5619.500000,4900.000000
14:58:50,5136.500000,184.000000,40231.000000,1113.000000,5139.000000,168.000000,177578.000000,1231.000000,5177.000000,5200.500000,5127.500000,5137.500000,-41.000000,5619.500000,4900.000000
14:59:50,5137.500000,287.000000,40233.000000,1114.000000,5139.500000,176.000000,177396.000000,1234.000000,5177.000000,5200.500000,5127.500000,5137.500000,-41.000000,5619.500000,4900.000000
15:00:50,5137.500000,234.000000,38620.000000,1101.000000,5139.000000,233.000000,177245.000000,1233.000000,5177.000000,5200.500000,5127.500000,5139.000000,-39.500000,5619.500000,4900.000000
15:01:50,5138.500000,2.000000,38674.000000,1106.000000,5139.000000,63.000000,176511.000000,1231.000000,5177.000000,5200.500000,5127.500000,5139.000000,-39.500000,5619.500000,4900.000000
15:02:50,5137.500000,34.000000,38590.000000,1110.000000,5139.000000,41.000000,176288.000000,1229.000000,5177.000000,5200.500000,5127.500000,5137.500000,-41.000000,5619.500000,4900.000000
15:03:50,5138.000000,139.000000,39208.000000,1118.000000,5140.000000,1168.000000,177119.000000,1233.000000,5177.000000,5200.500000,5127.500000,5139.000000,-39.500000,5619.500000,4900.000000
15:04:50,5134.500000,120.000000,37344.000000,1091.000000,5136.500000,500.000000,179888.000000,1260.000000,5177.000000,5200.500000,5127.500000,5135.500000,-43.000000,5619.500000,4900.000000
15:05:50,5136.000000,350.000000,38612.000000,1115.000000,5136.500000,499.000000,178009.000000,1244.000000,5177.000000,5200.500000,5127.500000,5135.500000,-43.000000,5619.500000,4900.000000
15:06:50,5136.000000,665.000000,38724.000000,1121.000000,5136.500000,479.000000,177991.000000,1245.000000,5177.000000,5200.500000,5127.500000,5136.500000,-42.000000,5619.500000,4900.000000
15:07:50,5134.500000,299.000000,37674.000000,1106.000000,5136.000000,903.000000,179387.000000,1264.000000,5177.000000,5200.500000,5127.500000,5134.500000,-44.000000,5619.500000,4900.000000
15:08:50,5133.500000,57.000000,37246.000000,1102.000000,5135.000000,902.000000,179488.000000,1267.000000,5177.000000,5200.500000,5127.500000,5134.500000,-44.000000,5619.500000,4900.000000
15:09:50,5134.000000,163.000000,37842.000000,1109.000000,5135.000000,113.000000,179120.000000,1261.000000,5177.000000,5200.500000,5127.500000,5135.000000,-43.500000,5619.500000,4900.000000
15:10:50,5133.000000,270.000000,37672.000000,1105.000000,5134.000000,415.000000,177751.000000,1258.000000,5177.000000,5200.500000,5127.500000,5132.000000,-46.500000,5619.500000,4900.000000
15:11:51,5132.000000,132.000000,37408.000000,1102.000000,5132.500000,9.000000,178530.000000,1263.000000,5177.000000,5200.500000,5127.500000,5132.000000,-46.500000,5619.500000,4900.000000
15:12:51,5132.000000,183.000000,36887.000000,1091.000000,5132.500000,209.000000,178271.000000,1267.000000,5177.000000,5200.500000,5127.500000,5132.000000,-46.500000,5619.500000,4900.000000
15:13:51,5133.500000,388.000000,37388.000000,1104.000000,5136.000000,288.000000,177966.000000,1254.000000,5177.000000,5200.500000,5127.500000,5133.500000,-45.000000,5619.500000,4900.000000
15:14:51,5132.500000,231.000000,37585.000000,1111.000000,5134.000000,964.000000,178189.000000,1260.000000,5177.000000,5200.500000,5127.500000,5134.000000,-44.500000,5619.500000,4900.000000
15:15:51,5133.500000,237.000000,37966.000000,1122.000000,5135.500000,47.000000,177111.000000,1252.000000,5177.000000,5200.500000,5127.500000,5133.500000,-45.000000,5619.500000,4900.000000
15:16:51,5132.500000,245.000000,37500.000000,1111.000000,5134.500000,951.000000,179611.000000,1263.000000,5177.000000,5200.500000,5127.500000,5133.500000,-45.000000,5619.500000,4900.000000
15:17:51,5132.500000,246.000000,38202.000000,1119.000000,5134.500000,601.000000,179408.000000,1258.000000,5177.000000,5200.500000,5127.500000,5132.500000,-46.000000,5619.500000,4900.000000
15:18:51,5134.000000,355.000000,37960.000000,1130.000000,5136.000000,409.000000,178517.000000,1249.000000,5177.000000,5200.500000,5127.500000,5136.000000,-42.500000,5619.500000,4900.000000
15:19:51,5134.500000,217.000000,37793.000000,1127.000000,5135.500000,270.000000,178667.000000,1255.000000,5177.000000,5200.500000,5127.500000,5134.500000,-44.000000,5619.500000,4900.000000
15:20:51,5133.000000,247.000000,37588.000000,1116.000000,5134.500000,691.000000,180252.000000,1258.000000,5177.000000,5200.500000,5127.500000,5133.000000,-45.500000,5619.500000,4900.000000
15:21:51,5134.500000,133.000000,38157.000000,1129.000000,5136.000000,519.000000,179161.000000,1250.000000,5177.000000,5200.500000,5127.500000,5135.500000,-43.000000,5619.500000,4900.000000
15:22:51,5134.500000,337.000000,38133.000000,1130.000000,5136.000000,1043.000000,179517.000000,1250.000000,5177.000000,5200.500000,5127.500000,5134.500000,-44.000000,5619.500000,4900.000000
15:23:51,5134.500000,223.000000,38019.000000,1131.000000,5135.500000,69.000000,179466.000000,1251.000000,5177.000000,5200.500000,5127.500000,5135.500000,-43.000000,5619.500000,4900.000000
15:24:51,5135.000000,191.000000,37955.000000,1128.000000,5135.500000,70.000000,179580.000000,1254.000000,5177.000000,5200.500000,5127.500000,5135.000000,-43.500000,5619.500000,4900.000000
15:25:51,5134.000000,199.000000,37885.000000,1129.000000,5135.500000,188.000000,180199.000000,1257.000000,5177.000000,5200.500000,5127.500000,5135.000000,-43.500000,5619.500000,4900.000000
15:26:51,5134.500000,24.000000,37972.000000,1129.000000,5135.500000,7.000000,179940.000000,1256.000000,5177.000000,5200.500000,5127.500000,5135.500000,-43.000000,5619.500000,4900.000000
15:27:51,5134.000000,101.000000,37885.000000,1130.000000,5135.000000,12.000000,179890.000000,1256.000000,5177.000000,5200.500000,5127.500000,5134.000000,-44.500000,5619.500000,4900.000000
15:28:51,5133.500000,126.000000,37806.000000,1124.000000,5134.500000,85.000000,179731.000000,1256.000000,5177.000000,5200.500000,5127.500000,5134.500000,-44.000000,5619.500000,4900.000000
15:29:51,5131.500000,144.000000,37795.000000,1113.000000,5133.000000,57.000000,179307.000000,1269.000000,5177.000000,5200.500000,5127.500000,5133.000000,-45.500000,5619.500000,4900.000000
15:30:51,5131.500000,186.000000,37840.000000,1113.000000,5133.000000,54.000000,180349.000000,1270.000000,5177.000000,5200.500000,5127.500000,5131.500000,-47.000000,5619.500000,4900.000000
15:31:51,5134.500000,100.000000,38576.000000,1135.000000,5135.500000,195.000000,179544.000000,1259.000000,5177.000000,5200.500000,5127.500000,5135.000000,-43.500000,5619.500000,4900.000000
15:32:51,5134.500000,86.000000,38479.000000,1134.000000,5135.000000,249.000000,179533.000000,1259.000000,5177.000000,5200.500000,5127.500000,5134.500000,-44.000000,5619.500000,4900.000000
15:33:51,5134.500000,217.000000,39452.000000,1142.000000,5135.000000,327.000000,179921.000000,1257.000000,5177.000000,5200.500000,5127.500000,5134.500000,-44.000000,5619.500000,4900.000000
15:34:52,5134.500000,226.000000,38822.000000,1139.000000,5135.000000,305.000000,179937.000000,1260.000000,5177.000000,5200.500000,5127.500000,5134.500000,-44.000000,5619.500000,4900.000000
15:35:51,5134.500000,147.000000,38315.000000,1132.000000,5135.000000,218.000000,179358.000000,1255.000000,5177.000000,5200.500000,5127.500000,5134.500000,-44.000000,5619.500000,4900.000000
15:36:52,5136.000000,306.000000,39057.000000,1143.000000,5136.500000,478.000000,177791.000000,1246.000000,5177.000000,5200.500000,5127.500000,5136.500000,-42.000000,5619.500000,4900.000000
15:37:52,5135.000000,80.000000,38758.000000,1137.000000,5135.500000,127.000000,178850.000000,1262.000000,5177.000000,5200.500000,5127.500000,5136.000000,-42.500000,5619.500000,4900.000000
15:38:52,5134.000000,8.000000,38687.000000,1143.000000,5135.000000,181.000000,179471.000000,1264.000000,5177.000000,5200.500000,5127.500000,5134.000000,-44.500000,5619.500000,4900.000000
15:39:52,5135.500000,133.000000,39042.000000,1152.000000,5136.500000,403.000000,177769.000000,1256.000000,5177.000000,5200.500000,5127.500000,5135.500000,-43.000000,5619.500000,4900.000000
15:40:52,5136.000000,70.000000,38902.000000,1148.000000,5136.500000,389.000000,177926.000000,1256.000000,5177.000000,5200.500000,5127.500000,5136.000000,-42.500000,5619.500000,4900.000000
15:41:52,5134.500000,96.000000,38012.000000,1142.000000,5135.500000,116.000000,178661.000000,1263.000000,5177.000000,5200.500000,5127.500000,5134.500000,-44.000000,5619.500000,4900.000000
15:42:52,5135.000000,70.000000,38713.000000,1153.000000,5135.500000,99.000000,180384.000000,1261.000000,5177.000000,5200.500000,5127.500000,5135.500000,-43.000000,5619.500000,4900.000000
15:43:52,5134.500000,70.000000,38642.000000,1148.000000,5135.000000,377.000000,180342.000000,1265.000000,5177.000000,5200.500000,5127.500000,5134.500000,-44.000000,5619.500000,4900.000000
15:44:52,5134.500000,70.000000,38443.000000,1144.000000,5135.000000,338.000000,180495.000000,1270.000000,5177.000000,5200.500000,5127.500000,5135.000000,-43.500000,5619.500000,4900.000000
15:45:52,5133.500000,81.000000,38177.000000,1138.000000,5134.000000,137.000000,180611.000000,1277.000000,5177.000000,5200.500000,5127.500000,5134.000000,-44.500000,5619.500000,4900.000000
15:46:52,5133.500000,211.000000,37963.000000,1134.000000,5134.000000,15.000000,180870.000000,1277.000000,5177.000000,5200.500000,5127.500000,5133.500000,-45.000000,5619.500000,4900.000000
15:47:52,5133.500000,210.000000,38204.000000,1141.000000,5134.500000,203.000000,180147.000000,1271.000000,5177.000000,5200.500000,5127.500000,5133.500000,-45.000000,5619.500000,4900.000000
15:48:52,5132.000000,121.000000,37684.000000,1133.000000,5132.500000,84.000000,180400.000000,1277.000000,5177.000000,5200.500000,5127.500000,5132.500000,-46.000000,5619.500000,4900.000000
15:49:52,5132.000000,279.000000,37839.000000,1133.000000,5132.500000,85.000000,180494.000000,1278.000000,5177.000000,5200.500000,5127.500000,5132.000000,-46.500000,5619.500000,4900.000000
15:50:52,5132.000000,147.000000,38233.000000,1136.000000,5132.500000,5.000000,180302.000000,1274.000000,5177.000000,5200.500000,5127.500000,5132.500000,-46.000000,5619.500000,4900.000000
15:51:52,5132.500000,120.000000,37800.000000,1136.000000,5133.000000,103.000000,180639.000000,1279.000000,5177.000000,5200.500000,5127.500000,5133.000000,-45.500000,5619.500000,4900.000000
15:52:52,5132.500000,117.000000,37764.000000,1135.000000,5133.000000,114.000000,180602.000000,1277.000000,5177.000000,5200.500000,5127.500000,5132.500000,-46.000000,5619.500000,4900.000000
15:53:52,5132.500000,145.000000,37805.000000,1137.000000,5133.000000,239.000000,180727.000000,1278.000000,5177.000000,5200.500000,5127.500000,5133.000000,-45.500000,5619.500000,4900.000000
15:54:52,5132.000000,257.000000,37869.000000,1136.000000,5132.500000,61.000000,180571.000000,1279.000000,5177.000000,5200.500000,5127.500000,5132.000000,-46.500000,5619.500000,4900.000000
15:55:52,5132.500000,133.000000,37924.000000,1136.000000,5133.000000,370.000000,180268.000000,1272.000000,5177.000000,5200.500000,5127.500000,5132.500000,-46.000000,5619.500000,4900.000000
15:56:52,5135.000000,80.000000,38695.000000,1149.000000,5136.000000,87.000000,179307.000000,1261.000000,5177.000000,5200.500000,5127.500000,5135.000000,-43.500000,5619.500000,4900.000000
15:57:52,5135.500000,162.000000,43857.000000,1162.000000,5136.000000,143.000000,179396.000000,1260.000000,5177.000000,5200.500000,5127.500000,5136.000000,-42.500000,5619.500000,4900.000000
15:58:52,5133.500000,205.000000,43554.000000,1152.000000,5134.500000,42.000000,179478.000000,1264.000000,5177.000000,5200.500000,5127.500000,5134.000000,-44.500000,5619.500000,4900.000000
15:59:53,5133.500000,70.000000,43446.000000,1152.000000,5134.000000,326.000000,179893.000000,1269.000000,5177.000000,5200.500000,5127.500000,5133.000000,-45.500000,5619.500000,4900.000000
16:00:53,5129.500000,150.000000,39242.000000,1045.000000,5131.500000,187.000000,179846.000000,1270.000000,5177.000000,5200.500000,5127.500000,5130.000000,-48.500000,5619.500000,4900.000000
16:01:52,5125.500000,239.000000,38746.000000,1009.000000,5126.500000,189.000000,179870.000000,1277.000000,5177.000000,5200.500000,5125.500000,5125.500000,-53.000000,5619.500000,4900.000000
16:02:53,5125.000000,2169.000000,38961.000000,1005.000000,5127.000000,440.000000,179401.000000,1292.000000,5177.000000,5200.500000,5125.000000,5125.500000,-53.000000,5619.500000,4900.000000
16:03:53,5128.000000,130.000000,40149.000000,1024.000000,5129.000000,219.000000,178470.000000,1280.000000,5177.000000,5200.500000,5125.000000,5128.500000,-50.000000,5619.500000,4900.000000
16:04:53,5135.500000,322.000000,39986.000000,1042.000000,5136.500000,226.000000,176745.000000,1254.000000,5177.000000,5200.500000,5125.000000,5135.500000,-43.000000,5619.500000,4900.000000
16:05:53,5137.000000,392.000000,40458.000000,1056.000000,5137.500000,100.000000,175384.000000,1239.000000,5177.000000,5200.500000,5125.000000,5137.500000,-41.000000,5619.500000,4900.000000
16:06:53,5138.500000,350.000000,39731.000000,1049.000000,5139.000000,387.000000,175480.000000,1244.000000,5177.000000,5200.500000,5125.000000,5138.500000,-40.000000,5619.500000,4900.000000
16:07:53,5138.500000,857.000000,40068.000000,1048.000000,5139.500000,64.000000,175509.000000,1245.000000,5177.000000,5200.500000,5125.000000,5139.500000,-39.000000,5619.500000,4900.000000
16:08:53,5138.000000,137.000000,39770.000000,1049.000000,5139.500000,168.000000,175150.000000,1241.000000,5177.000000,5200.500000,5125.000000,5139.500000,-39.000000,5619.500000,4900.000000
16:09:53,5136.500000,298.000000,39585.000000,1037.000000,5137.500000,153.000000,176158.000000,1258.000000,5177.000000,5200.500000,5125.000000,5137.500000,-41.000000,5619.500000,4900.000000
16:10:53,5136.000000,337.000000,39469.000000,1035.000000,5137.000000,70.000000,176437.000000,1266.000000,5177.000000,5200.500000,5125.000000,5136.500000,-42.000000,5619.500000,4900.000000
16:11:53,5135.500000,218.000000,39621.000000,1039.000000,5136.500000,415.000000,176652.000000,1266.000000,5177.000000,5200.500000,5125.000000,5136.000000,-42.500000,5619.500000,4900.000000
16:12:53,5135.500000,381.000000,39748.000000,1042.000000,5137.000000,45.000000,176634.000000,1266.000000,5177.000000,5200.500000,5125.000000,5135.500000,-43.000000,5619.500000,4900.000000
16:13:53,5135.000000,223.000000,39190.000000,1035.000000,5136.500000,70.000000,176942.000000,1280.000000,5177.000000,5200.500000,5125.000000,5136.000000,-42.500000,5619.500000,4900.000000
16:14:53,5133.000000,125.000000,38161.000000,1026.000000,5134.500000,70.000000,176881.000000,1283.000000,5177.000000,5200.500000,5125.000000,5135.500000,-43.000000,5619.500000,4900.000000
16:15:53,5134.500000,351.000000,39277.000000,1049.000000,5136.000000,120.000000,177067.000000,1271.000000,5177.000000,5200.500000,5125.000000,5135.500000,-43.000000,5619.500000,4900.000000
16:16:53,5131.500000,80.000000,39113.000000,1045.000000,5133.000000,70.000000,177715.000000,1280.000000,5177.000000,5200.500000,5125.000000,5132.000000,-46.500000,5619.500000,4900.000000
16:17:53,5131.000000,72.000000,38706.000000,1033.000000,5131.500000,31.000000,178572.000000,1292.000000,5177.000000,5200.500000,5125.000000,5131.500000,-47.000000,5619.500000,4900.000000
16:18:53,5131.000000,62.000000,38826.000000,1041.000000,5131.500000,70.000000,178692.000000,1294.000000,5177.000000,5200.500000,5125.000000,5131.500000,-47.000000,5619.500000,4900.000000
16:19:53,5133.500000,263.000000,39593.000000,1059.000000,5134.500000,218.000000,177565.000000,1276.000000,5177.000000,5200.500000,5125.000000,5134.000000,-44.500000,5619.500000,4900.000000
16:20:53,5135.500000,67.000000,39998.000000,1070.000000,5136.000000,177.000000,178087.000000,1270.000000,5177.000000,5200.500000,5125.000000,5135.500000,-43.000000,5619.500000,4900.000000
16:21:53,5135.000000,74.000000,40211.000000,1060.000000,5135.500000,294.000000,178513.000000,1283.000000,5177.000000,5200.500000,5125.000000,5135.000000,-43.500000,5619.500000,4900.000000
16:22:53,5135.000000,625.000000,41758.000000,1075.000000,5136.500000,183.000000,177647.000000,1274.000000,5177.000000,5200.500000,5125.000000,5135.500000,-43.000000,5619.500000,4900.000000
16:23:53,5135.500000,110.000000,41171.000000,1069.000000,5136.500000,182.000000,177313.000000,1273.000000,5177.000000,5200.500000,5125.000000,5136.000000,-42.500000,5619.500000,4900.000000
16:24:53,5135.000000,381.000000,40326.000000,1065.000000,5136.000000,118.000000,178271.000000,1282.000000,5177.000000,5200.500000,5125.000000,5135.000000,-43.500000,5619.500000,4900.000000
16:25:53,5135.500000,90.000000,40618.000000,1069.000000,5136.500000,79.000000,177977.000000,1276.000000,5177.000000,5200.500000,5125.000000,5136.500000,-42.000000,5619.500000,4900.000000
16:26:53,5136.000000,280.000000,40722.000000,1069.000000,5136.500000,70.000000,178083.000000,1278.000000,5177.000000,5200.500000,5125.000000,5136.000000,-42.500000,5619.500000,4900.000000
16:27:53,5136.000000,390.000000,40923.000000,1078.000000,5136.500000,70.000000,178042.000000,1278.000000,5177.000000,5200.500000,5125.000000,5136.000000,-42.500000,5619.500000,4900.000000
16:28:53,5136.000000,280.000000,40740.000000,1069.000000,5137.500000,721.000000,177529.000000,1285.000000,5177.000000,5200.500000,5125.000000,5137.500000,-41.000000,5619.500000,4900.000000
16:29:54,5136.000000,327.000000,40853.000000,1072.000000,5136.500000,70.000000,178017.000000,1284.000000,5177.000000,5200.500000,5125.000000,5136.000000,-42.500000,5619.500000,4900.000000
16:30:54,5136.000000,101.000000,40698.000000,1075.000000,5137.000000,86.000000,177778.000000,1281.000000,5177.000000,5200.500000,5125.000000,5137.000000,-41.500000,5619.500000,4900.000000
16:31:54,5136.500000,282.000000,41297.000000,1086.000000,5138.500000,710.000000,178210.000000,1278.000000,5177.000000,5200.500000,5125.000000,5137.000000,-41.500000,5619.500000,4900.000000
16:32:54,5137.000000,185.000000,41667.000000,1096.000000,5138.500000,655.000000,177439.000000,1267.000000,5177.000000,5200.500000,5125.000000,5138.000000,-40.500000,5619.500000,4900.000000
16:33:54,5138.500000,261.000000,42059.000000,1107.000000,5139.500000,157.000000,176630.000000,1264.000000,5177.000000,5200.500000,5125.000000,5139.500000,-39.000000,5619.500000,4900.000000
16:34:54,5140.500000,159.000000,42231.000000,1108.000000,5142.500000,432.000000,175034.000000,1269.000000,5177.000000,5200.500000,5125.000000,5142.500000,-36.000000,5619.500000,4900.000000
16:35:54,5136.500000,288.000000,40868.000000,1075.000000,5138.500000,270.000000,176341.000000,1280.000000,5177.000000,5200.500000,5125.000000,5137.500000,-41.000000,5619.500000,4900.000000
16:36:54,5139.500000,8.000000,41958.000000,1092.000000,5140.000000,36.000000,176022.000000,1268.000000,5177.000000,5200.500000,5125.000000,5140.000000,-38.500000,5619.500000,4900.000000
16:37:54,5137.500000,236.000000,41215.000000,1084.000000,5140.000000,135.000000,176345.000000,1277.000000,5177.000000,5200.500000,5125.000000,5137.500000,-41.000000,5619.500000,4900.000000
16:38:54,5140.500000,189.000000,42106.000000,1101.000000,5142.500000,70.000000,174945.000000,1260.000000,5177.000000,5200.500000,5125.000000,5140.500000,-38.000000,5619.500000,4900.000000
16:39:54,5139.000000,132.000000,41416.000000,1091.000000,5140.500000,487.000000,176614.000000,1280.000000,5177.000000,5200.500000,5125.000000,5140.000000,-38.500000,5619.500000,4900.000000
16:40:54,5140.500000,255.000000,41952.000000,1106.000000,5141.000000,100.000000,175122.000000,1262.000000,5177.000000,5200.500000,5125.000000,5141.000000,-37.500000,5619.500000,4900.000000
16:41:54,5142.000000,5.000000,41907.000000,1113.000000,5143.000000,70.000000,175524.000000,1264.000000,5177.000000,5200.500000,5125.000000,5143.000000,-35.500000,5619.500000,4900.000000
16:42:54,5144.000000,179.000000,42229.000000,1109.000000,5144.500000,35.000000,175519.000000,1248.000000,5177.000000,5200.500000,5125.000000,5144.500000,-34.000000,5619.500000,4900.000000
16:43:54,5144.500000,37.000000,41933.000000,1115.000000,5145.000000,129.000000,175731.000000,1248.000000,5177.000000,5200.500000,5125.000000,5144.500000,-34.000000,5619.500000,4900.000000
16:44:54,5144.000000,179.000000,42292.000000,1111.000000,5144.500000,68.000000,176719.000000,1259.000000,5177.000000,5200.500000,5125.000000,5144.500000,-34.000000,5619.500000,4900.000000
16:45:54,5144.000000,333.000000,42669.000000,1120.000000,5144.500000,116.000000,175623.000000,1243.000000,5177.000000,5200.500000,5125.000000,5144.000000,-34.500000,5619.500000,4900.000000
16:46:54,5140.000000,73.000000,41779.000000,1102.000000,5142.000000,156.000000,177660.000000,1279.000000,5177.000000,5200.500000,5125.000000,5141.000000,-37.500000,5619.500000,4900.000000
16:47:54,5140.500000,202.000000,41503.000000,1099.000000,5142.000000,627.000000,177469.000000,1284.000000,5177.000000,5200.500000,5125.000000,5140.500000,-38.000000,5619.500000,4900.000000
16:48:54,5140.500000,277.000000,41926.000000,1109.000000,5141.500000,124.000000,177793.000000,1283.000000,5177.000000,5200.500000,5125.000000,5141.500000,-37.000000,5619.500000,4900.000000
16:49:54,5141.000000,95.000000,41850.000000,1114.000000,5141.500000,85.000000,177281.000000,1275.000000,5177.000000,5200.500000,5125.000000,5141.500000,-37.000000,5619.500000,4900.000000
16:50:54,5139.500000,104.000000,41258.000000,1105.000000,5140.000000,71.000000,178573.000000,1291.000000,5177.000000,5200.500000,5125.000000,5140.000000,-38.500000,5619.500000,4900.000000
16:51:54,5142.500000,123.000000,42582.000000,1127.000000,5143.500000,1127.000000,177054.000000,1273.000000,5177.000000,5200.500000,5125.000000,5142.500000,-36.000000,5619.500000,4900.000000
16:52:55,5143.000000,93.000000,42647.000000,1131.000000,5144.500000,757.000000,176794.000000,1271.000000,5177.000000,5200.500000,5125.000000,5144.500000,-34.000000,5619.500000,4900.000000
16:53:55,5142.500000,134.000000,42812.000000,1134.000000,5143.500000,270.000000,176539.000000,1274.000000,5177.000000,5200.500000,5125.000000,5143.000000,-35.500000,5619.500000,4900.000000
16:54:55,5143.500000,37.000000,43263.000000,1138.000000,5144.500000,670.000000,176711.000000,1269.000000,5177.000000,5200.500000,5125.000000,5143.000000,-35.500000,5619.500000,4900.000000
16:55:55,5142.500000,15.000000,43281.000000,1134.000000,5144.500000,847.000000,176781.000000,1266.000000,5177.000000,5200.500000,5125.000000,5143.500000,-35.000000,5619.500000,4900.000000
16:56:55,5142.000000,96.000000,43098.000000,1126.000000,5143.000000,285.000000,177783.000000,1279.000000,5177.000000,5200.500000,5125.000000,5141.500000,-37.000000,5619.500000,4900.000000
16:57:55,5141.500000,190.000000,42883.000000,1124.000000,5143.000000,332.000000,177847.000000,1280.000000,5177.000000,5200.500000,5125.000000,5143.000000,-35.500000,5619.500000,4900.000000
16:58:55,5141.500000,221.000000,42748.000000,1122.000000,5142.500000,55.000000,178223.000000,1283.000000,5177.000000,5200.500000,5125.000000,5141.500000,-37.000000,5619.500000,4900.000000
16:59:55,5141.000000,80.000000,42211.000000,1120.000000,5142.000000,43.000000,176873.000000,1280.000000,5177.000000,5200.500000,5125.000000,5141.500000,-37.000000,5619.500000,4900.000000
17:00:55,5140.000000,534.000000,43005.000000,1116.000000,5141.000000,108.000000,178893.000000,1294.000000,5177.000000,5200.500000,5125.000000,5140.000000,-38.500000,5619.500000,4900.000000
17:01:55,5140.500000,107.000000,42614.000000,1119.000000,5141.000000,108.000000,179182.000000,1292.000000,5177.000000,5200.500000,5125.000000,5140.500000,-38.000000,5619.500000,4900.000000
17:02:55,5140.000000,55.000000,42437.000000,1116.000000,5140.500000,10.000000,179522.000000,1291.000000,5177.000000,5200.500000,5125.000000,5140.000000,-38.500000,5619.500000,4900.000000
17:03:55,5142.000000,172.000000,42784.000000,1127.000000,5142.500000,4.000000,178267.000000,1276.000000,5177.000000,5200.500000,5125.000000,5142.500000,-36.000000,5619.500000,4900.000000
17:04:55,5140.500000,114.000000,43494.000000,1125.000000,5141.500000,527.000000,178931.000000,1291.000000,5177.000000,5200.500000,5125.000000,5140.500000,-38.000000,5619.500000,4900.000000
17:05:55,5142.500000,124.000000,44366.000000,1137.000000,5143.500000,63.000000,177826.000000,1274.000000,5177.000000,5200.500000,5125.000000,5143.000000,-35.500000,5619.500000,4900.000000
17:06:55,5150.000000,120.000000,46301.000000,1158.000000,5151.500000,69.000000,173898.000000,1225.000000,5177.000000,5200.500000,5125.000000,5151.500000,-27.000000,5619.500000,4900.000000
17:07:55,5147.500000,94.000000,45296.000000,1142.000000,5149.000000,70.000000,175387.000000,1246.000000,5177.000000,5200.500000,5125.000000,5149.000000,-29.500000,5619.500000,4900.000000
17:08:55,5153.500000,70.000000,46830.000000,1163.000000,5155.000000,350.000000,173947.000000,1217.000000,5177.000000,5200.500000,5125.000000,5154.500000,-24.000000,5619.500000,4900.000000
17:09:55,5159.000000,237.000000,45833.000000,1164.000000,5160.000000,227.000000,172642.000000,1180.000000,5177.000000,5200.500000,5125.000000,5159.500000,-19.000000,5619.500000,4900.000000
17:10:55,5159.500000,223.000000,45081.000000,1150.000000,5160.000000,100.000000,173629.000000,1171.000000,5177.000000,5200.500000,5125.000000,5160.000000,-18.500000,5619.500000,4900.000000
17:11:55,5157.500000,306.000000,44995.000000,1136.000000,5159.500000,743.000000,175273.000000,1186.000000,5177.000000,5200.500000,5125.000000,5158.000000,-20.500000,5619.500000,4900.000000
17:12:55,5156.500000,110.000000,45437.000000,1135.000000,5157.500000,71.000000,175537.000000,1196.000000,5177.000000,5200.500000,5125.000000,5156.000000,-22.500000,5619.500000,4900.000000
17:13:55,5156.500000,177.000000,45316.000000,1141.000000,5158.500000,710.000000,174940.000000,1190.000000,5177.000000,5200.500000,5125.000000,5158.500000,-20.000000,5619.500000,4900.000000
17:14:55,5156.000000,480.000000,45383.000000,1141.000000,5157.000000,610.000000,175193.000000,1202.000000,5177.000000,5200.500000,5125.000000,5156.500000,-22.000000,5619.500000,4900.000000
17:15:55,5159.500000,74.000000,46067.000000,1159.000000,5160.000000,80.000000,173288.000000,1177.000000,5177.000000,5200.500000,5125.000000,5160.000000,-18.500000,5619.500000,4900.000000
17:16:56,5159.000000,86.000000,46645.000000,1160.000000,5160.000000,105.000000,173965.000000,1180.000000,5177.000000,5200.500000,5125.000000,5159.000000,-19.500000,5619.500000,4900.000000
17:17:55,5159.000000,204.000000,46116.000000,1154.000000,5159.500000,161.000000,172649.000000,1182.000000,5177.000000,5200.500000,5125.000000,5159.500000,-19.000000,5619.500000,4900.000000
17:18:56,5159.500000,492.000000,46957.000000,1169.000000,5160.000000,58.000000,172456.000000,1178.000000,5177.000000,5200.500000,5125.000000,5159.500000,-19.000000,5619.500000,4900.000000
17:19:56,5155.000000,160.000000,45559.000000,1148.000000,5157.500000,686.000000,173588.000000,1193.000000,5177.000000,5200.500000,5125.000000,5156.500000,-22.000000,5619.500000,4900.000000
17:20:56,5155.000000,659.000000,46854.000000,1151.000000,5156.500000,60.000000,174443.000000,1198.000000,5177.000000,5200.500000,5125.000000,5155.000000,-23.500000,5619.500000,4900.000000
17:21:56,5160.500000,264.000000,48225.000000,1170.000000,5162.000000,11.000000,172734.000000,1170.000000,5177.000000,5200.500000,5125.000000,5161.500000,-17.000000,5619.500000,4900.000000
17:22:56,5165.500000,265.000000,48138.000000,1162.000000,5166.500000,10.000000,172422.000000,1159.000000,5177.000000,5200.500000,5125.000000,5165.500000,-13.000000,5619.500000,4900.000000
17:23:56,5166.500000,314.000000,47935.000000,1171.000000,5168.000000,12.000000,173007.000000,1160.000000,5177.000000,5200.500000,5125.000000,5166.500000,-12.000000,5619.500000,4900.000000
17:24:56,5166.500000,123.000000,46765.000000,1165.000000,5167.500000,470.000000,172363.000000,1161.000000,5177.000000,5200.500000,5125.000000,5167.500000,-11.000000,5619.500000,4900.000000
17:25:56,5162.500000,80.000000,45704.000000,1150.000000,5163.500000,900.000000,173953.000000,1184.000000,5177.000000,5200.500000,5125.000000,5163.000000,-15.500000,5619.500000,4900.000000
17:26:56,5159.000000,337.000000,45579.000000,1149.000000,5160.500000,670.000000,175657.000000,1197.000000,5177.000000,5200.500000,5125.000000,5159.000000,-19.500000,5619.500000,4900.000000
17:27:56,5160.000000,275.000000,45915.000000,1156.000000,5161.000000,700.000000,175081.000000,1191.000000,5177.000000,5200.500000,5125.000000,5160.500000,-18.000000,5619.500000,4900.000000
